Time	HWP_a1	HWP_a2	Single Count 1	Single Count 2	Single Count 3	Single Count 4	Sum	Coincidence Count 1	Coincidence Count 2	Coincidence Count 3	Coincidence Count 4	Coincidence Sum
6558,2710	45,0000	22,5000	0,0000	0,0000	2,0000	0,0000	2,0000	0,0000	0,0000	0,0000	0,0000	0,0000
6559,3800	45,0000	22,5000	0,0000	0,0000	2,0000	0,0000	2,0000	0,0000	0,0000	0,0000	0,0000	0,0000
6560,4910	45,0000	22,5000	0,0000	0,0000	2,0000	0,0000	2,0000	0,0000	0,0000	0,0000	0,0000	0,0000
6561,7010	45,0000	22,5000	3,0000	0,0000	2,0000	0,0000	2,0000	0,0000	0,0000	0,0000	0,0000	0,0000
6562,8510	45,0000	22,5000	0,0000	1,0000	2,0000	0,0000	2,0000	0,0000	1,0000	1,0000	0,0000	1,0000
6563,9710	45,0000	22,5000	1,0000	0,0000	2,0000	0,0000	2,0000	0,0000	0,0000	0,0000	0,0000	0,0000
6565,0900	45,0000	22,5000	0,0000	1,0000	2,0000	0,0000	2,0000	0,0000	0,0000	0,0000	0,0000	0,0000
6566,2010	45,0000	22,5000	1,0000	0,0000	2,0000	0,0000	2,0000	0,0000	0,0000	0,0000	0,0000	0,0000
6567,3110	45,0000	22,5000	0,0000	0,0000	2,0000	0,0000	2,0000	0,0000	0,0000	0,0000	0,0000	0,0000
6568,4600	45,0000	22,5000	0,0000	0,0000	2,0000	0,0000	2,0000	0,0000	0,0000	0,0000	0,0000	0,0000
6569,5700	45,0000	22,5000	0,0000	1,0000	2,0000	0,0000	2,0000	0,0000	0,0000	0,0000	0,0000	0,0000
6570,6810	45,0000	22,5000	0,0000	0,0000	2,0000	0,0000	2,0000	0,0000	0,0000	0,0000	0,0000	0,0000
6571,8010	45,0000	22,5000	2,0000	0,0000	2,0000	0,0000	2,0000	0,0000	0,0000	0,0000	0,0000	0,0000
6572,9110	45,0000	22,5000	0,0000	0,0000	2,0000	0,0000	2,0000	0,0000	0,0000	0,0000	0,0000	0,0000
6574,0510	45,0000	22,5000	1,0000	0,0000	2,0000	0,0000	2,0000	1,0000	0,0000	0,0000	0,0000	1,0000
6575,1600	45,0000	22,5000	0,0000	0,0000	2,0000	0,0000	2,0000	0,0000	0,0000	0,0000	0,0000	0,0000
6576,2700	45,0000	22,5000	0,0000	1,0000	2,0000	0,0000	2,0000	0,0000	0,0000	0,0000	0,0000	0,0000
6577,3980	45,0000	22,5000	1,0000	0,0000	2,0000	0,0000	2,0000	0,0000	0,0000	0,0000	0,0000	0,0000
6578,5100	45,0000	22,5000	1,0000	0,0000	2,0000	0,0000	2,0000	0,0000	0,0000	0,0000	0,0000	0,0000
6579,6510	45,0000	22,5000	1,0000	0,0000	2,0000	0,0000	2,0000	0,0000	0,0000	0,0000	0,0000	0,0000
6580,7610	45,0000	22,5000	0,0000	0,0000	2,0000	0,0000	2,0000	0,0000	0,0000	0,0000	0,0000	0,0000
6581,8710	45,0000	22,5000	2,0000	0,0000	2,0000	0,0000	2,0000	0,0000	0,0000	0,0000	0,0000	0,0000
6582,9970	45,0000	22,5000	0,0000	0,0000	2,0000	0,0000	2,0000	0,0000	0,0000	0,0000	0,0000	0,0000
6584,1110	45,0000	22,5000	1,0000	0,0000	2,0000	0,0000	2,0000	0,0000	0,0000	0,0000	0,0000	0,0000
6585,2510	45,0000	22,5000	0,0000	0,0000	2,0000	0,0000	2,0000	0,0000	0,0000	0,0000	0,0000	0,0000
6586,3610	45,0000	22,5000	0,0000	0,0000	2,0000	0,0000	2,0000	0,0000	0,0000	0,0000	0,0000	0,0000
6587,4700	45,0000	22,5000	0,0000	0,0000	2,0000	0,0000	2,0000	0,0000	0,0000	0,0000	0,0000	0,0000
6588,5960	45,0000	22,5000	1,0000	0,0000	2,0000	0,0000	2,0000	0,0000	0,0000	0,0000	0,0000	0,0000
6589,7010	45,0000	22,5000	1,0000	0,0000	2,0000	0,0000	2,0000	0,0000	0,0000	0,0000	0,0000	0,0000
6590,8310	45,0000	22,5000	1,0000	0,0000	2,0000	0,0000	2,0000	0,0000	0,0000	0,0000	0,0000	0,0000
6591,9410	45,0000	22,5000	0,0000	0,0000	2,0000	0,0000	2,0000	0,0000	0,0000	0,0000	0,0000	0,0000
6593,0500	45,0000	22,5000	1,0000	0,0000	2,0000	0,0000	2,0000	0,0000	0,0000	0,0000	0,0000	0,0000
6594,1600	45,0000	22,5000	0,0000	0,0000	2,0000	0,0000	2,0000	0,0000	0,0000	0,0000	0,0000	0,0000
6595,2710	45,0000	22,5000	0,0000	0,0000	2,0000	0,0000	2,0000	0,0000	0,0000	0,0000	0,0000	0,0000
6596,3800	45,0000	22,5000	0,0000	0,0000	2,0000	0,0000	2,0000	0,0000	0,0000	0,0000	0,0000	0,0000
6597,4900	45,0000	22,5000	0,0000	0,0000	2,0000	0,0000	2,0000	0,0000	0,0000	0,0000	0,0000	0,0000
6598,6040	45,0000	22,5000	0,0000	0,0000	2,0000	0,0000	2,0000	0,0000	0,0000	0,0000	0,0000	0,0000
6599,7110	45,0000	22,5000	1,0000	0,0000	2,0000	0,0000	2,0000	0,0000	0,0000	0,0000	0,0000	0,0000
6600,8500	45,0000	22,5000	0,0000	0,0000	2,0000	0,0000	2,0000	0,0000	0,0000	0,0000	0,0000	0,0000
6601,9610	45,0000	22,5000	0,0000	0,0000	2,0000	0,0000	2,0000	0,0000	0,0000	0,0000	0,0000	0,0000
6603,0710	45,0000	22,5000	1,0000	0,0000	2,0000	0,0000	2,0000	0,0000	0,0000	0,0000	0,0000	0,0000
6604,1920	45,0000	22,5000	1,0000	1,0000	2,0000	0,0000	2,0000	0,0000	0,0000	0,0000	0,0000	0,0000
6605,3010	45,0000	22,5000	0,0000	0,0000	2,0000	0,0000	2,0000	0,0000	0,0000	0,0000	0,0000	0,0000
6606,4810	45,0000	22,5000	1,0000	0,0000	2,0000	0,0000	2,0000	0,0000	0,0000	0,0000	0,0000	0,0000
6607,5910	45,0000	22,5000	2,0000	0,0000	2,0000	0,0000	2,0000	0,0000	0,0000	0,0000	0,0000	0,0000
6608,7010	45,0000	22,5000	0,0000	1,0000	2,0000	0,0000	2,0000	0,0000	0,0000	0,0000	0,0000	0,0000
6609,8210	45,0000	22,5000	0,0000	0,0000	2,0000	0,0000	2,0000	0,0000	0,0000	0,0000	0,0000	0,0000
6610,9310	45,0000	22,5000	0,0000	0,0000	2,0000	0,0000	2,0000	0,0000	0,0000	0,0000	0,0000	0,0000
6612,0610	45,0000	22,5000	2,0000	1,0000	2,0000	0,0000	2,0000	0,0000	0,0000	0,0000	0,0000	0,0000
6613,1810	45,0000	22,5000	3,0000	0,0000	2,0000	0,0000	2,0000	0,0000	0,0000	0,0000	0,0000	0,0000
6614,3010	45,0000	22,5000	0,0000	0,0000	2,0000	0,0000	2,0000	0,0000	0,0000	0,0000	0,0000	0,0000
6615,4200	45,0000	22,5000	0,0000	0,0000	2,0000	0,0000	2,0000	0,0000	0,0000	0,0000	0,0000	0,0000
6616,5300	45,0000	22,5000	0,0000	0,0000	2,0000	0,0000	2,0000	0,0000	0,0000	0,0000	0,0000	0,0000
6617,6510	45,0000	22,5000	1,0000	0,0000	2,0000	0,0000	2,0000	0,0000	0,0000	0,0000	0,0000	0,0000
6618,7610	45,0000	22,5000	2,0000	0,0000	2,0000	0,0000	2,0000	0,0000	0,0000	0,0000	0,0000	0,0000
6619,8710	45,0000	22,5000	0,0000	0,0000	2,0000	0,0000	2,0000	0,0000	0,0000	0,0000	0,0000	0,0000
6620,9980	45,0000	22,5000	4,0000	0,0000	2,0000	0,0000	2,0000	0,0000	0,0000	0,0000	0,0000	0,0000
6622,1100	45,0000	22,5000	0,0000	0,0000	2,0000	0,0000	2,0000	0,0000	0,0000	0,0000	0,0000	0,0000
6623,2620	45,0000	22,5000	0,0000	0,0000	2,0000	0,0000	2,0000	0,0000	0,0000	0,0000	0,0000	0,0000
6624,3710	45,0000	22,5000	0,0000	0,0000	2,0000	0,0000	2,0000	0,0000	0,0000	0,0000	0,0000	0,0000
6625,4810	45,0000	22,5000	0,0000	0,0000	2,0000	0,0000	2,0000	0,0000	0,0000	0,0000	0,0000	0,0000
6626,6030	45,0000	22,5000	0,0000	0,0000	2,0000	0,0000	2,0000	0,0000	0,0000	0,0000	0,0000	0,0000
6627,7100	45,0000	22,5000	1,0000	0,0000	2,0000	0,0000	2,0000	0,0000	0,0000	0,0000	0,0000	0,0000
6628,8710	45,0000	22,5000	1,0000	0,0000	2,0000	0,0000	2,0000	0,0000	0,0000	0,0000	0,0000	0,0000
6629,9910	45,0000	22,5000	1,0000	0,0000	2,0000	0,0000	2,0000	0,0000	0,0000	0,0000	0,0000	0,0000
6631,1010	45,0000	22,5000	1,0000	0,0000	2,0000	0,0000	2,0000	0,0000	0,0000	0,0000	0,0000	0,0000
6632,2110	45,0000	22,5000	1,0000	0,0000	2,0000	0,0000	2,0000	0,0000	0,0000	0,0000	0,0000	0,0000
6633,3210	45,0000	22,5000	0,0000	0,0000	2,0000	0,0000	2,0000	0,0000	0,0000	0,0000	0,0000	0,0000
6634,4620	45,0000	22,5000	0,0000	0,0000	2,0000	0,0000	2,0000	0,0000	0,0000	0,0000	0,0000	0,0000
6635,5710	45,0000	22,5000	0,0000	0,0000	2,0000	0,0000	2,0000	0,0000	0,0000	0,0000	0,0000	0,0000
6636,6810	45,0000	22,5000	2,0000	0,0000	2,0000	0,0000	2,0000	0,0000	0,0000	0,0000	0,0000	0,0000
6637,8150	45,0000	22,5000	1,0000	0,0000	2,0000	0,0000	2,0000	0,0000	0,0000	0,0000	0,0000	0,0000
6638,9210	45,0000	22,5000	2,0000	1,0000	2,0000	0,0000	2,0000	0,0000	0,0000	0,0000	0,0000	0,0000
6640,0710	45,0000	22,5000	2,0000	1,0000	2,0000	0,0000	2,0000	0,0000	0,0000	0,0000	0,0000	0,0000
6641,1910	45,0000	22,5000	0,0000	0,0000	2,0000	0,0000	2,0000	0,0000	0,0000	0,0000	0,0000	0,0000
6642,3110	45,0000	22,5000	0,0000	0,0000	2,0000	0,0000	2,0000	0,0000	0,0000	0,0000	0,0000	0,0000
6643,4200	45,0000	22,5000	0,0000	0,0000	2,0000	0,0000	2,0000	0,0000	0,0000	0,0000	0,0000	0,0000
6644,5310	45,0000	22,5000	1,0000	0,0000	2,0000	0,0000	2,0000	0,0000	0,0000	0,0000	0,0000	0,0000
6645,6610	45,0000	22,5000	1,0000	0,0000	2,0000	0,0000	2,0000	0,0000	0,0000	0,0000	0,0000	0,0000
6646,7710	45,0000	22,5000	0,0000	1,0000	2,0000	0,0000	2,0000	0,0000	0,0000	0,0000	0,0000	0,0000
6647,8800	45,0000	22,5000	0,0000	0,0000	2,0000	0,0000	2,0000	0,0000	0,0000	0,0000	0,0000	0,0000
6649,0060	45,0000	22,5000	0,0000	0,0000	2,0000	0,0000	2,0000	0,0000	0,0000	0,0000	0,0000	0,0000
6650,1110	45,0000	22,5000	0,0000	0,0000	2,0000	0,0000	2,0000	0,0000	0,0000	0,0000	0,0000	0,0000
6651,2610	45,0000	22,5000	1,0000	0,0000	2,0000	0,0000	2,0000	0,0000	0,0000	0,0000	0,0000	0,0000
6652,3710	45,0000	22,5000	0,0000	0,0000	2,0000	0,0000	2,0000	0,0000	0,0000	0,0000	0,0000	0,0000
6653,4910	45,0000	22,5000	0,0000	1,0000	2,0000	0,0000	2,0000	0,0000	0,0000	0,0000	0,0000	0,0000
6654,6170	45,0000	22,5000	1,0000	0,0000	2,0000	0,0000	2,0000	0,0000	0,0000	0,0000	0,0000	0,0000
6655,7310	45,0000	22,5000	0,0000	0,0000	2,0000	0,0000	2,0000	0,0000	0,0000	0,0000	0,0000	0,0000
6656,8700	45,0000	22,5000	0,0000	0,0000	2,0000	0,0000	2,0000	0,0000	0,0000	0,0000	0,0000	0,0000
6657,9910	45,0000	22,5000	1,0000	0,0000	2,0000	0,0000	2,0000	0,0000	0,0000	0,0000	0,0000	0,0000
6659,1010	45,0000	22,5000	0,0000	0,0000	2,0000	0,0000	2,0000	0,0000	0,0000	0,0000	0,0000	0,0000
6660,2190	45,0000	22,5000	1,0000	1,0000	2,0000	0,0000	2,0000	0,0000	0,0000	0,0000	0,0000	0,0000
6661,3310	45,0000	22,5000	2,0000	0,0000	2,0000	0,0000	2,0000	0,0000	0,0000	0,0000	0,0000	0,0000
6662,4710	45,0000	22,5000	0,0000	0,0000	2,0000	0,0000	2,0000	0,0000	0,0000	0,0000	0,0000	0,0000
6663,5910	45,0000	22,5000	2,0000	0,0000	2,0000	0,0000	2,0000	0,0000	0,0000	0,0000	0,0000	0,0000
6664,7010	45,0000	22,5000	1,0000	0,0000	2,0000	0,0000	2,0000	0,0000	0,0000	0,0000	0,0000	0,0000
6665,8100	45,0000	22,5000	0,0000	0,0000	2,0000	0,0000	2,0000	0,0000	0,0000	0,0000	0,0000	0,0000
6666,9210	45,0000	22,5000	0,0000	0,0000	2,0000	0,0000	2,0000	0,0000	0,0000	0,0000	0,0000	0,0000
6668,0510	45,0000	22,5000	1,0000	0,0000	2,0000	0,0000	2,0000	0,0000	0,0000	0,0000	0,0000	0,0000
6669,1610	45,0000	22,5000	0,0000	1,0000	2,0000	0,0000	2,0000	0,0000	0,0000	0,0000	0,0000	0,0000
