Time	HWP_a1	HWP_a2	Single Count 1	Single Count 2	Single Count 3	Single Count 4	Sum	Coincidence Count 1	Coincidence Count 2	Coincidence Count 3	Coincidence Count 4	Coincidence Sum
6773,8400	45,0000	22,5000	1,0000	0,0000	2,0000	0,0000	2,0000	0,0000	0,0000	0,0000	0,0000	0,0000
6774,9720	45,0000	22,5000	0,0000	0,0000	2,0000	0,0000	2,0000	0,0000	0,0000	0,0000	0,0000	0,0000
6776,0810	45,0000	22,5000	0,0000	0,0000	2,0000	0,0000	2,0000	0,0000	0,0000	0,0000	0,0000	0,0000
6777,1900	45,0000	22,5000	2,0000	0,0000	2,0000	0,0000	2,0000	0,0000	0,0000	0,0000	0,0000	0,0000
6778,3010	45,0000	22,5000	1,0000	0,0000	2,0000	0,0000	2,0000	0,0000	0,0000	0,0000	0,0000	0,0000
6779,4100	45,0000	22,5000	0,0000	0,0000	2,0000	0,0000	2,0000	0,0000	0,0000	0,0000	0,0000	0,0000
6780,5210	45,0000	22,5000	0,0000	0,0000	2,0000	0,0000	2,0000	0,0000	0,0000	0,0000	0,0000	0,0000
6781,6510	45,0000	22,5000	2,0000	0,0000	2,0000	0,0000	2,0000	0,0000	0,0000	0,0000	0,0000	0,0000
6782,7710	45,0000	22,5000	0,0000	0,0000	2,0000	0,0000	2,0000	0,0000	0,0000	0,0000	0,0000	0,0000
6783,8810	45,0000	22,5000	0,0000	0,0000	2,0000	0,0000	2,0000	0,0000	0,0000	0,0000	0,0000	0,0000
6784,9930	45,0000	22,5000	0,0000	0,0000	2,0000	0,0000	2,0000	0,0000	0,0000	0,0000	0,0000	0,0000
6786,1010	45,0000	22,5000	0,0000	0,0000	2,0000	0,0000	2,0000	0,0000	0,0000	0,0000	0,0000	0,0000
6787,2410	45,0000	22,5000	0,0000	0,0000	2,0000	0,0000	2,0000	0,0000	0,0000	0,0000	0,0000	0,0000
6788,3510	45,0000	22,5000	0,0000	0,0000	2,0000	0,0000	2,0000	0,0000	0,0000	0,0000	0,0000	0,0000
6789,4600	45,0000	22,5000	0,0000	0,0000	2,0000	0,0000	2,0000	0,0000	0,0000	0,0000	0,0000	0,0000
6790,5860	45,0000	22,5000	0,0000	0,0000	2,0000	0,0000	2,0000	0,0000	0,0000	0,0000	0,0000	0,0000
6791,6900	45,0000	22,5000	2,0000	0,0000	2,0000	0,0000	2,0000	0,0000	0,0000	0,0000	0,0000	0,0000
6792,8210	45,0000	22,5000	0,0000	0,0000	2,0000	0,0000	2,0000	0,0000	0,0000	0,0000	0,0000	0,0000
6793,9300	45,0000	22,5000	1,0000	1,0000	2,0000	0,0000	2,0000	0,0000	0,0000	0,0000	0,0000	0,0000
6795,0400	45,0000	22,5000	0,0000	0,0000	2,0000	0,0000	2,0000	0,0000	0,0000	0,0000	0,0000	0,0000
6796,1510	45,0000	22,5000	3,0000	0,0000	2,0000	0,0000	2,0000	0,0000	0,0000	0,0000	0,0000	0,0000
6797,2610	45,0000	22,5000	1,0000	0,0000	2,0000	0,0000	2,0000	0,0000	0,0000	0,0000	0,0000	0,0000
6798,3710	45,0000	22,5000	0,0000	0,0000	2,0000	0,0000	2,0000	0,0000	0,0000	0,0000	0,0000	0,0000
6799,4810	45,0000	22,5000	2,0000	2,0000	2,0000	0,0000	2,0000	0,0000	0,0000	0,0000	0,0000	0,0000
6800,6040	45,0000	22,5000	1,0000	0,0000	2,0000	0,0000	2,0000	0,0000	0,0000	0,0000	0,0000	0,0000
6801,7110	45,0000	22,5000	0,0000	0,0000	2,0000	0,0000	2,0000	0,0000	0,0000	0,0000	0,0000	0,0000
6802,8600	45,0000	22,5000	0,0000	0,0000	2,0000	0,0000	2,0000	0,0000	0,0000	0,0000	0,0000	0,0000
6803,9720	45,0000	22,5000	1,0000	0,0000	2,0000	0,0000	2,0000	0,0000	0,0000	0,0000	0,0000	0,0000
6805,0800	45,0000	22,5000	1,0000	0,0000	2,0000	0,0000	2,0000	0,0000	0,0000	0,0000	0,0000	0,0000
6806,2030	45,0000	22,5000	0,0000	0,0000	2,0000	0,0000	2,0000	0,0000	0,0000	0,0000	0,0000	0,0000
6807,3110	45,0000	22,5000	0,0000	0,0000	2,0000	0,0000	2,0000	0,0000	0,0000	0,0000	0,0000	0,0000
6808,4510	45,0000	22,5000	1,0000	0,0000	2,0000	0,0000	2,0000	0,0000	0,0000	0,0000	0,0000	0,0000
6809,5610	45,0000	22,5000	1,0000	0,0000	2,0000	0,0000	2,0000	0,0000	0,0000	0,0000	0,0000	0,0000
6810,6710	45,0000	22,5000	0,0000	0,0000	2,0000	0,0000	2,0000	0,0000	0,0000	0,0000	0,0000	0,0000
6811,7980	45,0000	22,5000	1,0000	0,0000	2,0000	0,0000	2,0000	0,0000	0,0000	0,0000	0,0000	0,0000
6812,9110	45,0000	22,5000	1,0000	0,0000	2,0000	0,0000	2,0000	0,0000	0,0000	0,0000	0,0000	0,0000
6814,0610	45,0000	22,5000	2,0000	1,0000	2,0000	0,0000	2,0000	0,0000	0,0000	0,0000	0,0000	0,0000
6815,1810	45,0000	22,5000	0,0000	0,0000	2,0000	0,0000	2,0000	0,0000	0,0000	0,0000	0,0000	0,0000
6816,3010	45,0000	22,5000	2,0000	0,0000	2,0000	0,0000	2,0000	0,0000	0,0000	0,0000	0,0000	0,0000
6817,4100	45,0000	22,5000	1,0000	0,0000	2,0000	0,0000	2,0000	0,0000	0,0000	0,0000	0,0000	0,0000
6818,5210	45,0000	22,5000	0,0000	0,0000	2,0000	0,0000	2,0000	0,0000	0,0000	0,0000	0,0000	0,0000
6819,6610	45,0000	22,5000	0,0000	0,0000	2,0000	0,0000	2,0000	0,0000	0,0000	0,0000	0,0000	0,0000
6820,7710	45,0000	22,5000	0,0000	0,0000	2,0000	0,0000	2,0000	0,0000	0,0000	0,0000	0,0000	0,0000
6821,8810	45,0000	22,5000	0,0000	1,0000	2,0000	0,0000	2,0000	0,0000	0,0000	0,0000	0,0000	0,0000
6823,0010	45,0000	22,5000	0,0000	0,0000	2,0000	0,0000	2,0000	0,0000	0,0000	0,0000	0,0000	0,0000
6824,1110	45,0000	22,5000	0,0000	0,0000	2,0000	0,0000	2,0000	0,0000	0,0000	0,0000	0,0000	0,0000
6825,2510	45,0000	22,5000	0,0000	1,0000	2,0000	0,0000	2,0000	0,0000	0,0000	0,0000	0,0000	0,0000
6826,3610	45,0000	22,5000	0,0000	0,0000	2,0000	0,0000	2,0000	0,0000	0,0000	0,0000	0,0000	0,0000
6827,4800	45,0000	22,5000	0,0000	0,0000	2,0000	0,0000	2,0000	0,0000	0,0000	0,0000	0,0000	0,0000
6828,5950	45,0000	22,5000	0,0000	0,0000	2,0000	0,0000	2,0000	0,0000	0,0000	0,0000	0,0000	0,0000
6829,7010	45,0000	22,5000	0,0000	0,0000	2,0000	0,0000	2,0000	0,0000	0,0000	0,0000	0,0000	0,0000
6830,8410	45,0000	22,5000	2,0000	0,0000	2,0000	0,0000	2,0000	0,0000	0,0000	0,0000	0,0000	0,0000
6831,9510	45,0000	22,5000	0,0000	0,0000	2,0000	0,0000	2,0000	0,0000	0,0000	0,0000	0,0000	0,0000
6833,0600	45,0000	22,5000	0,0000	0,0000	2,0000	0,0000	2,0000	0,0000	0,0000	0,0000	0,0000	0,0000
6834,2060	45,0000	22,5000	1,0000	0,0000	2,0000	0,0000	2,0000	0,0000	0,0000	0,0000	0,0000	0,0000
6835,3110	45,0000	22,5000	0,0000	0,0000	2,0000	0,0000	2,0000	0,0000	0,0000	0,0000	0,0000	0,0000
6836,4610	45,0000	22,5000	0,0000	0,0000	2,0000	0,0000	2,0000	0,0000	0,0000	0,0000	0,0000	0,0000
6837,5710	45,0000	22,5000	1,0000	0,0000	2,0000	0,0000	2,0000	0,0000	0,0000	0,0000	0,0000	0,0000
6838,6810	45,0000	22,5000	1,0000	0,0000	2,0000	0,0000	2,0000	1,0000	0,0000	0,0000	0,0000	1,0000
6839,8000	45,0000	22,5000	0,0000	0,0000	2,0000	0,0000	2,0000	0,0000	0,0000	0,0000	0,0000	0,0000
6840,9110	45,0000	22,5000	3,0000	0,0000	2,0000	0,0000	2,0000	0,0000	0,0000	0,0000	0,0000	0,0000
6842,0610	45,0000	22,5000	0,0000	0,0000	2,0000	0,0000	2,0000	0,0000	0,0000	0,0000	0,0000	0,0000
6843,1710	45,0000	22,5000	0,0000	0,0000	2,0000	0,0000	2,0000	0,0000	0,0000	0,0000	0,0000	0,0000
6844,2800	45,0000	22,5000	0,0000	0,0000	2,0000	0,0000	2,0000	0,0000	0,0000	0,0000	0,0000	0,0000
6845,4030	45,0000	22,5000	2,0000	0,0000	2,0000	0,0000	2,0000	0,0000	0,0000	0,0000	0,0000	0,0000
6846,5110	45,0000	22,5000	1,0000	0,0000	2,0000	0,0000	2,0000	0,0000	0,0000	0,0000	0,0000	0,0000
6847,6610	45,0000	22,5000	1,0000	0,0000	2,0000	0,0000	2,0000	0,0000	0,0000	0,0000	0,0000	0,0000
6848,7710	45,0000	22,5000	0,0000	0,0000	2,0000	0,0000	2,0000	0,0000	0,0000	0,0000	0,0000	0,0000
6849,8810	45,0000	22,5000	0,0000	0,0000	2,0000	0,0000	2,0000	0,0000	0,0000	0,0000	0,0000	0,0000
6851,0050	45,0000	22,5000	0,0000	1,0000	2,0000	0,0000	2,0000	0,0000	0,0000	0,0000	0,0000	0,0000
6852,1210	45,0000	22,5000	0,0000	0,0000	2,0000	0,0000	2,0000	0,0000	0,0000	0,0000	0,0000	0,0000
6853,2710	45,0000	22,5000	1,0000	0,0000	2,0000	0,0000	2,0000	0,0000	0,0000	0,0000	0,0000	0,0000
6854,3900	45,0000	22,5000	2,0000	0,0000	2,0000	0,0000	2,0000	0,0000	0,0000	0,0000	0,0000	0,0000
6855,5010	45,0000	22,5000	0,0000	0,0000	2,0000	0,0000	2,0000	0,0000	0,0000	0,0000	0,0000	0,0000
6856,6140	45,0000	22,5000	0,0000	0,0000	2,0000	0,0000	2,0000	0,0000	0,0000	0,0000	0,0000	0,0000
6857,7210	45,0000	22,5000	4,0000	0,0000	2,0000	0,0000	2,0000	0,0000	0,0000	0,0000	0,0000	0,0000
6858,8720	45,0000	22,5000	0,0000	0,0000	2,0000	0,0000	2,0000	0,0000	0,0000	0,0000	0,0000	0,0000
6859,9910	45,0000	22,5000	1,0000	0,0000	2,0000	0,0000	2,0000	0,0000	0,0000	0,0000	0,0000	0,0000
6861,1010	45,0000	22,5000	2,0000	0,0000	2,0000	0,0000	2,0000	0,0000	0,0000	0,0000	0,0000	0,0000
6862,2120	45,0000	22,5000	0,0000	0,0000	2,0000	0,0000	2,0000	0,0000	0,0000	0,0000	0,0000	0,0000
6863,3210	45,0000	22,5000	0,0000	0,0000	2,0000	0,0000	2,0000	0,0000	0,0000	0,0000	0,0000	0,0000
6864,4610	45,0000	22,5000	0,0000	0,0000	2,0000	0,0000	2,0000	0,0000	0,0000	0,0000	0,0000	0,0000
6865,5710	45,0000	22,5000	0,0000	0,0000	2,0000	0,0000	2,0000	0,0000	0,0000	0,0000	0,0000	0,0000
6866,6800	45,0000	22,5000	0,0000	0,0000	2,0000	0,0000	2,0000	0,0000	0,0000	0,0000	0,0000	0,0000
6867,8060	45,0000	22,5000	1,0000	1,0000	2,0000	0,0000	2,0000	0,0000	0,0000	0,0000	0,0000	0,0000
6868,9210	45,0000	22,5000	2,0000	0,0000	2,0000	0,0000	2,0000	0,0000	0,0000	0,0000	0,0000	0,0000
6870,0810	45,0000	22,5000	0,0000	0,0000	2,0000	0,0000	2,0000	0,0000	0,0000	0,0000	0,0000	0,0000
6871,3210	45,0000	22,5000	0,0000	0,0000	2,0000	0,0000	2,0000	0,0000	0,0000	0,0000	0,0000	0,0000
6872,4710	45,0000	22,5000	1,0000	0,0000	2,0000	0,0000	2,0000	0,0000	0,0000	0,0000	0,0000	0,0000
6873,5910	45,0000	22,5000	1,0000	0,0000	2,0000	0,0000	2,0000	0,0000	0,0000	0,0000	0,0000	0,0000
6874,7000	45,0000	22,5000	0,0000	0,0000	2,0000	0,0000	2,0000	0,0000	0,0000	0,0000	0,0000	0,0000
6875,8220	45,0000	22,5000	0,0000	0,0000	2,0000	0,0000	2,0000	0,0000	0,0000	0,0000	0,0000	0,0000
6876,9310	45,0000	22,5000	0,0000	0,0000	2,0000	0,0000	2,0000	0,0000	0,0000	0,0000	0,0000	0,0000
6878,0710	45,0000	22,5000	0,0000	0,0000	2,0000	0,0000	2,0000	0,0000	0,0000	0,0000	0,0000	0,0000
6879,1910	45,0000	22,5000	0,0000	0,0000	2,0000	0,0000	2,0000	0,0000	0,0000	0,0000	0,0000	0,0000
6880,3010	45,0000	22,5000	1,0000	0,0000	2,0000	0,0000	2,0000	0,0000	0,0000	0,0000	0,0000	0,0000
6881,4200	45,0000	22,5000	3,0000	0,0000	2,0000	0,0000	2,0000	0,0000	0,0000	0,0000	0,0000	0,0000
6882,5310	45,0000	22,5000	1,0000	0,0000	2,0000	0,0000	2,0000	0,0000	0,0000	0,0000	0,0000	0,0000
6883,6610	45,0000	22,5000	0,0000	0,0000	2,0000	0,0000	2,0000	0,0000	0,0000	0,0000	0,0000	0,0000
6884,7710	45,0000	22,5000	1,0000	0,0000	2,0000	0,0000	2,0000	0,0000	0,0000	0,0000	0,0000	0,0000
6885,8810	45,0000	22,5000	1,0000	0,0000	2,0000	0,0000	2,0000	0,0000	0,0000	0,0000	0,0000	0,0000
6887,0090	45,0000	22,5000	0,0000	0,0000	2,0000	0,0000	2,0000	0,0000	0,0000	0,0000	0,0000	0,0000
6888,1210	45,0000	22,5000	1,0000	0,0000	2,0000	0,0000	2,0000	0,0000	0,0000	0,0000	0,0000	0,0000
6889,2810	45,0000	22,5000	1,0000	0,0000	2,0000	0,0000	2,0000	0,0000	0,0000	0,0000	0,0000	0,0000
6890,3910	45,0000	22,5000	0,0000	0,0000	2,0000	0,0000	2,0000	0,0000	0,0000	0,0000	0,0000	0,0000
6891,5010	45,0000	22,5000	0,0000	0,0000	2,0000	0,0000	2,0000	0,0000	0,0000	0,0000	0,0000	0,0000
6892,6130	45,0000	22,5000	0,0000	0,0000	2,0000	0,0000	2,0000	0,0000	0,0000	0,0000	0,0000	0,0000
6893,7320	45,0000	22,5000	0,0000	0,0000	2,0000	0,0000	2,0000	0,0000	0,0000	0,0000	0,0000	0,0000
6894,8710	45,0000	22,5000	0,0000	0,0000	2,0000	0,0000	2,0000	0,0000	0,0000	0,0000	0,0000	0,0000
6895,9810	45,0000	22,5000	0,0000	0,0000	2,0000	0,0000	2,0000	0,0000	0,0000	0,0000	0,0000	0,0000
6897,0910	45,0000	22,5000	0,0000	0,0000	2,0000	0,0000	2,0000	0,0000	0,0000	0,0000	0,0000	0,0000
6898,2200	45,0000	22,5000	0,0000	0,0000	2,0000	0,0000	2,0000	0,0000	0,0000	0,0000	0,0000	0,0000
6899,3310	45,0000	22,5000	1,0000	0,0000	2,0000	0,0000	2,0000	0,0000	0,0000	0,0000	0,0000	0,0000
6900,4710	45,0000	22,5000	0,0000	1,0000	2,0000	0,0000	2,0000	0,0000	0,0000	0,0000	0,0000	0,0000
6901,6910	45,0000	22,5000	0,0000	0,0000	2,0000	0,0000	2,0000	0,0000	0,0000	0,0000	0,0000	0,0000
6902,8610	45,0000	22,5000	0,0000	0,0000	2,0000	0,0000	2,0000	0,0000	0,0000	0,0000	0,0000	0,0000
6903,9710	45,0000	22,5000	0,0000	0,0000	2,0000	0,0000	2,0000	0,0000	0,0000	0,0000	0,0000	0,0000
6905,0810	45,0000	22,5000	0,0000	0,0000	2,0000	0,0000	2,0000	0,0000	0,0000	0,0000	0,0000	0,0000
6906,2120	45,0000	22,5000	0,0000	0,0000	2,0000	0,0000	2,0000	0,0000	0,0000	0,0000	0,0000	0,0000
6907,3210	45,0000	22,5000	0,0000	0,0000	2,0000	0,0000	2,0000	0,0000	0,0000	0,0000	0,0000	0,0000
6908,4810	45,0000	22,5000	0,0000	0,0000	2,0000	0,0000	2,0000	0,0000	0,0000	0,0000	0,0000	0,0000
6909,5910	45,0000	22,5000	1,0000	0,0000	2,0000	0,0000	2,0000	0,0000	0,0000	0,0000	0,0000	0,0000
6910,7000	45,0000	22,5000	1,0000	0,0000	2,0000	0,0000	2,0000	0,0000	0,0000	0,0000	0,0000	0,0000
6911,8430	45,0000	22,5000	0,0000	0,0000	2,0000	0,0000	2,0000	0,0000	0,0000	0,0000	0,0000	0,0000
6912,9510	45,0000	22,5000	1,0000	0,0000	2,0000	0,0000	2,0000	0,0000	0,0000	0,0000	0,0000	0,0000
6914,0710	45,0000	22,5000	0,0000	0,0000	2,0000	0,0000	2,0000	0,0000	0,0000	0,0000	0,0000	0,0000
6915,1810	45,0000	22,5000	1,0000	0,0000	2,0000	0,0000	2,0000	0,0000	0,0000	0,0000	0,0000	0,0000
6916,2900	45,0000	22,5000	0,0000	0,0000	2,0000	0,0000	2,0000	0,0000	0,0000	0,0000	0,0000	0,0000
6917,4200	45,0000	22,5000	0,0000	0,0000	2,0000	0,0000	2,0000	0,0000	0,0000	0,0000	0,0000	0,0000
6918,5310	45,0000	22,5000	1,0000	0,0000	2,0000	0,0000	2,0000	0,0000	0,0000	0,0000	0,0000	0,0000
6919,6710	45,0000	22,5000	1,0000	0,0000	2,0000	0,0000	2,0000	0,0000	0,0000	0,0000	0,0000	0,0000
6920,8130	45,0000	22,5000	1,0000	0,0000	2,0000	0,0000	2,0000	0,0000	0,0000	0,0000	0,0000	0,0000
6921,9210	45,0000	22,5000	0,0000	0,0000	2,0000	0,0000	2,0000	0,0000	0,0000	0,0000	0,0000	0,0000
6923,0710	45,0000	22,5000	2,0000	0,0000	2,0000	0,0000	2,0000	0,0000	0,0000	0,0000	0,0000	0,0000
6924,1810	45,0000	22,5000	1,0000	0,0000	2,0000	0,0000	2,0000	0,0000	0,0000	0,0000	0,0000	0,0000
6925,2910	45,0000	22,5000	0,0000	0,0000	2,0000	0,0000	2,0000	0,0000	0,0000	0,0000	0,0000	0,0000
6926,4280	45,0000	22,5000	0,0000	0,0000	2,0000	0,0000	2,0000	0,0000	0,0000	0,0000	0,0000	0,0000
6927,5410	45,0000	22,5000	0,0000	0,0000	2,0000	0,0000	2,0000	0,0000	0,0000	0,0000	0,0000	0,0000
6928,6810	45,0000	22,5000	1,0000	0,0000	2,0000	0,0000	2,0000	0,0000	0,0000	0,0000	0,0000	0,0000
6929,7910	45,0000	22,5000	0,0000	0,0000	2,0000	0,0000	2,0000	0,0000	0,0000	0,0000	0,0000	0,0000
6930,9010	45,0000	22,5000	0,0000	1,0000	2,0000	0,0000	2,0000	0,0000	0,0000	0,0000	0,0000	0,0000
6932,0280	45,0000	22,5000	0,0000	0,0000	2,0000	0,0000	2,0000	0,0000	0,0000	0,0000	0,0000	0,0000
6933,1410	45,0000	22,5000	0,0000	0,0000	2,0000	0,0000	2,0000	0,0000	0,0000	0,0000	0,0000	0,0000
6934,2810	45,0000	22,5000	3,0000	0,0000	2,0000	0,0000	2,0000	0,0000	0,0000	0,0000	0,0000	0,0000
6935,3910	45,0000	22,5000	0,0000	0,0000	2,0000	0,0000	2,0000	0,0000	0,0000	0,0000	0,0000	0,0000
6936,5010	45,0000	22,5000	0,0000	0,0000	2,0000	0,0000	2,0000	0,0000	0,0000	0,0000	0,0000	0,0000
6937,6140	45,0000	22,5000	0,0000	0,0000	2,0000	0,0000	2,0000	0,0000	0,0000	0,0000	0,0000	0,0000
6938,7210	45,0000	22,5000	0,0000	0,0000	2,0000	0,0000	2,0000	0,0000	0,0000	0,0000	0,0000	0,0000
6939,8710	45,0000	22,5000	0,0000	0,0000	2,0000	0,0000	2,0000	0,0000	0,0000	0,0000	0,0000	0,0000
6940,9910	45,0000	22,5000	0,0000	0,0000	0,0000	0,0000	0,0000	0,0000	0,0000	0,0000	0,0000	0,0000
6942,1010	45,0000	22,5000	0,0000	0,0000	2,0000	0,0000	2,0000	0,0000	0,0000	0,0000	0,0000	0,0000
6943,2200	45,0000	22,5000	0,0000	0,0000	2,0000	0,0000	2,0000	0,0000	0,0000	0,0000	0,0000	0,0000
6944,3310	45,0000	22,5000	0,0000	0,0000	2,0000	0,0000	2,0000	0,0000	0,0000	0,0000	0,0000	0,0000
6945,4810	45,0000	22,5000	1,0000	0,0000	2,0000	0,0000	2,0000	0,0000	0,0000	0,0000	0,0000	0,0000
6946,5910	45,0000	22,5000	1,0000	0,0000	2,0000	0,0000	2,0000	0,0000	0,0000	0,0000	0,0000	0,0000
6947,7010	45,0000	22,5000	0,0000	0,0000	2,0000	0,0000	2,0000	0,0000	0,0000	0,0000	0,0000	0,0000
6948,8240	45,0000	22,5000	0,0000	0,0000	2,0000	0,0000	2,0000	0,0000	0,0000	0,0000	0,0000	0,0000
6949,9310	45,0000	22,5000	1,0000	0,0000	2,0000	0,0000	2,0000	0,0000	0,0000	0,0000	0,0000	0,0000
6951,0810	45,0000	22,5000	1,0000	0,0000	2,0000	0,0000	2,0000	0,0000	0,0000	0,0000	0,0000	0,0000
6952,2610	45,0000	22,5000	0,0000	0,0000	2,0000	0,0000	2,0000	0,0000	0,0000	0,0000	0,0000	0,0000
6953,3710	45,0000	22,5000	1,0000	0,0000	2,0000	0,0000	2,0000	0,0000	0,0000	0,0000	0,0000	0,0000
6954,4900	45,0000	22,5000	0,0000	0,0000	2,0000	0,0000	2,0000	0,0000	0,0000	0,0000	0,0000	0,0000
6955,6230	45,0000	22,5000	0,0000	0,0000	2,0000	0,0000	2,0000	0,0000	0,0000	0,0000	0,0000	0,0000
6956,7310	45,0000	22,5000	0,0000	0,0000	2,0000	0,0000	2,0000	0,0000	0,0000	0,0000	0,0000	0,0000
6957,8810	45,0000	22,5000	0,0000	0,0000	2,0000	0,0000	2,0000	0,0000	0,0000	0,0000	0,0000	0,0000
6959,0020	45,0000	22,5000	1,0000	1,0000	2,0000	0,0000	2,0000	0,0000	0,0000	0,0000	0,0000	0,0000
6960,1200	45,0000	22,5000	0,0000	0,0000	2,0000	0,0000	2,0000	0,0000	0,0000	0,0000	0,0000	0,0000
6961,2300	45,0000	22,5000	0,0000	0,0000	2,0000	0,0000	2,0000	0,0000	0,0000	0,0000	0,0000	0,0000
6962,3410	45,0000	22,5000	0,0000	0,0000	2,0000	0,0000	2,0000	0,0000	0,0000	0,0000	0,0000	0,0000
6963,4910	45,0000	22,5000	0,0000	0,0000	2,0000	0,0000	2,0000	0,0000	0,0000	0,0000	0,0000	0,0000
6964,6710	45,0000	22,5000	0,0000	0,0000	2,0000	0,0000	2,0000	0,0000	0,0000	0,0000	0,0000	0,0000
6965,7810	45,0000	22,5000	2,0000	0,0000	2,0000	0,0000	2,0000	0,0000	0,0000	0,0000	0,0000	0,0000
6966,8910	45,0000	22,5000	0,0000	0,0000	2,0000	0,0000	2,0000	0,0000	0,0000	0,0000	0,0000	0,0000
6968,0320	45,0000	22,5000	1,0000	0,0000	2,0000	0,0000	2,0000	0,0000	0,0000	0,0000	0,0000	0,0000
6969,1400	45,0000	22,5000	1,0000	0,0000	2,0000	0,0000	2,0000	0,0000	0,0000	0,0000	0,0000	0,0000
6970,3000	45,0000	22,5000	1,0000	0,0000	2,0000	0,0000	2,0000	0,0000	0,0000	0,0000	0,0000	0,0000
6971,4610	45,0000	22,5000	0,0000	0,0000	2,0000	0,0000	2,0000	0,0000	0,0000	0,0000	0,0000	0,0000
6972,5710	45,0000	22,5000	0,0000	0,0000	2,0000	0,0000	2,0000	0,0000	0,0000	0,0000	0,0000	0,0000
6973,6810	45,0000	22,5000	0,0000	0,0000	2,0000	0,0000	2,0000	0,0000	0,0000	0,0000	0,0000	0,0000
6974,8180	45,0000	22,5000	1,0000	0,0000	2,0000	0,0000	2,0000	0,0000	0,0000	0,0000	0,0000	0,0000
6975,9310	45,0000	22,5000	0,0000	0,0000	2,0000	0,0000	2,0000	0,0000	0,0000	0,0000	0,0000	0,0000
6977,0810	45,0000	22,5000	0,0000	0,0000	2,0000	0,0000	2,0000	0,0000	0,0000	0,0000	0,0000	0,0000
6978,1910	45,0000	22,5000	0,0000	0,0000	2,0000	0,0000	2,0000	0,0000	0,0000	0,0000	0,0000	0,0000
6979,3010	45,0000	22,5000	0,0000	0,0000	2,0000	0,0000	2,0000	0,0000	0,0000	0,0000	0,0000	0,0000
6980,4390	45,0000	22,5000	1,0000	0,0000	2,0000	0,0000	2,0000	0,0000	0,0000	0,0000	0,0000	0,0000
6981,5510	45,0000	22,5000	0,0000	0,0000	2,0000	0,0000	2,0000	0,0000	0,0000	0,0000	0,0000	0,0000
6982,6910	45,0000	22,5000	0,0000	0,0000	2,0000	0,0000	2,0000	0,0000	0,0000	0,0000	0,0000	0,0000
6983,8810	45,0000	22,5000	0,0000	0,0000	2,0000	0,0000	2,0000	0,0000	0,0000	0,0000	0,0000	0,0000
6984,9910	45,0000	22,5000	2,0000	0,0000	2,0000	0,0000	2,0000	0,0000	0,0000	0,0000	0,0000	0,0000
6986,1010	45,0000	22,5000	0,0000	0,0000	2,0000	0,0000	2,0000	0,0000	0,0000	0,0000	0,0000	0,0000
6987,2250	45,0000	22,5000	0,0000	0,0000	2,0000	0,0000	2,0000	0,0000	0,0000	0,0000	0,0000	0,0000
6988,3310	45,0000	22,5000	0,0000	0,0000	2,0000	0,0000	2,0000	0,0000	0,0000	0,0000	0,0000	0,0000
6989,4910	45,0000	22,5000	0,0000	0,0000	2,0000	0,0000	2,0000	0,0000	0,0000	0,0000	0,0000	0,0000
6990,6710	45,0000	22,5000	1,0000	0,0000	2,0000	0,0000	2,0000	0,0000	0,0000	0,0000	0,0000	0,0000
6991,7810	45,0000	22,5000	0,0000	1,0000	2,0000	0,0000	2,0000	0,0000	0,0000	0,0000	0,0000	0,0000
6992,9000	45,0000	22,5000	0,0000	0,0000	2,0000	0,0000	2,0000	0,0000	0,0000	0,0000	0,0000	0,0000
6994,0260	45,0000	22,5000	1,0000	0,0000	2,0000	0,0000	2,0000	1,0000	0,0000	0,0000	0,0000	1,0000
6995,1310	45,0000	22,5000	0,0000	0,0000	2,0000	0,0000	2,0000	0,0000	0,0000	0,0000	0,0000	0,0000
6996,2910	45,0000	22,5000	0,0000	0,0000	2,0000	0,0000	2,0000	0,0000	0,0000	0,0000	0,0000	0,0000
6997,4810	45,0000	22,5000	0,0000	0,0000	2,0000	0,0000	2,0000	0,0000	0,0000	0,0000	0,0000	0,0000
