Time	HWP_a1	HWP_a2	Single Count 1	Single Count 2	Single Count 3	Single Count 4	Sum	Coincidence Count 1	Coincidence Count 2	Coincidence Count 3	Coincidence Count 4	Coincidence Sum
7078.1010	45.0000	22.5000	0.0000	0.0000	2.0000	0.0000	2.0000	0.0000	0.0000	0.0000	0.0000	0.0000
7079.2110	45.0000	22.5000	0.0000	0.0000	2.0000	0.0000	2.0000	0.0000	0.0000	0.0000	0.0000	0.0000
7080.3220	45.0000	22.5000	0.0000	0.0000	2.0000	0.0000	2.0000	0.0000	0.0000	0.0000	0.0000	0.0000
7081.4510	45.0000	22.5000	0.0000	0.0000	2.0000	0.0000	2.0000	0.0000	0.0000	0.0000	0.0000	0.0000
7082.5610	45.0000	22.5000	1.0000	1.0000	2.0000	0.0000	2.0000	0.0000	0.0000	0.0000	0.0000	0.0000
7083.6810	45.0000	22.5000	0.0000	0.0000	2.0000	0.0000	2.0000	0.0000	0.0000	0.0000	0.0000	0.0000
7084.8000	45.0000	22.5000	1.0000	0.0000	2.0000	0.0000	2.0000	0.0000	0.0000	0.0000	0.0000	0.0000
7085.9210	45.0000	22.5000	0.0000	0.0000	2.0000	0.0000	2.0000	0.0000	0.0000	0.0000	0.0000	0.0000
7087.0610	45.0000	22.5000	0.0000	1.0000	2.0000	0.0000	2.0000	0.0000	1.0000	1.0000	0.0000	1.0000
7088.1810	45.0000	22.5000	1.0000	0.0000	2.0000	0.0000	2.0000	0.0000	0.0000	0.0000	0.0000	0.0000
7089.3010	45.0000	22.5000	1.0000	0.0000	2.0000	0.0000	2.0000	0.0000	0.0000	0.0000	0.0000	0.0000
7090.4110	45.0000	22.5000	0.0000	0.0000	2.0000	0.0000	2.0000	0.0000	0.0000	0.0000	0.0000	0.0000
7091.5200	45.0000	22.5000	0.0000	0.0000	2.0000	0.0000	2.0000	0.0000	0.0000	0.0000	0.0000	0.0000
7092.6610	45.0000	22.5000	0.0000	0.0000	2.0000	0.0000	2.0000	0.0000	0.0000	0.0000	0.0000	0.0000
7093.7710	45.0000	22.5000	0.0000	0.0000	2.0000	0.0000	2.0000	0.0000	0.0000	0.0000	0.0000	0.0000
7094.8800	45.0000	22.5000	0.0000	1.0000	2.0000	0.0000	2.0000	0.0000	0.0000	0.0000	0.0000	0.0000
7095.9950	45.0000	22.5000	0.0000	0.0000	2.0000	0.0000	2.0000	0.0000	0.0000	0.0000	0.0000	0.0000
7097.1110	45.0000	22.5000	1.0000	0.0000	2.0000	0.0000	2.0000	0.0000	0.0000	0.0000	0.0000	0.0000
7098.2510	45.0000	22.5000	0.0000	0.0000	2.0000	0.0000	2.0000	0.0000	0.0000	0.0000	0.0000	0.0000
7099.3600	45.0000	22.5000	0.0000	1.0000	2.0000	0.0000	2.0000	0.0000	0.0000	0.0000	0.0000	0.0000
7100.4700	45.0000	22.5000	1.0000	0.0000	2.0000	0.0000	2.0000	0.0000	0.0000	0.0000	0.0000	0.0000
7101.5950	45.0000	22.5000	0.0000	0.0000	2.0000	0.0000	2.0000	0.0000	0.0000	0.0000	0.0000	0.0000
7102.7010	45.0000	22.5000	0.0000	1.0000	2.0000	0.0000	2.0000	0.0000	0.0000	0.0000	0.0000	0.0000
7103.8400	45.0000	22.5000	1.0000	1.0000	2.0000	0.0000	2.0000	0.0000	0.0000	0.0000	0.0000	0.0000
7104.9510	45.0000	22.5000	0.0000	0.0000	2.0000	0.0000	2.0000	0.0000	0.0000	0.0000	0.0000	0.0000
7106.0710	45.0000	22.5000	0.0000	0.0000	2.0000	0.0000	2.0000	0.0000	0.0000	0.0000	0.0000	0.0000
7107.1810	45.0000	22.5000	0.0000	0.0000	2.0000	0.0000	2.0000	0.0000	0.0000	0.0000	0.0000	0.0000
7108.2910	45.0000	22.5000	0.0000	0.0000	2.0000	0.0000	2.0000	0.0000	0.0000	0.0000	0.0000	0.0000
7109.4110	45.0000	22.5000	1.0000	0.0000	2.0000	0.0000	2.0000	0.0000	0.0000	0.0000	0.0000	0.0000
7110.5210	45.0000	22.5000	1.0000	0.0000	2.0000	0.0000	2.0000	0.0000	0.0000	0.0000	0.0000	0.0000
7111.6610	45.0000	22.5000	0.0000	0.0000	2.0000	0.0000	2.0000	0.0000	0.0000	0.0000	0.0000	0.0000
7112.7710	45.0000	22.5000	1.0000	0.0000	2.0000	0.0000	2.0000	0.0000	0.0000	0.0000	0.0000	0.0000
7113.8800	45.0000	22.5000	0.0000	0.0000	2.0000	0.0000	2.0000	0.0000	0.0000	0.0000	0.0000	0.0000
7115.0030	45.0000	22.5000	0.0000	0.0000	2.0000	0.0000	2.0000	0.0000	0.0000	0.0000	0.0000	0.0000
7116.1110	45.0000	22.5000	0.0000	0.0000	2.0000	0.0000	2.0000	0.0000	0.0000	0.0000	0.0000	0.0000
7117.2510	45.0000	22.5000	0.0000	0.0000	2.0000	0.0000	2.0000	0.0000	0.0000	0.0000	0.0000	0.0000
7118.3610	45.0000	22.5000	0.0000	0.0000	2.0000	0.0000	2.0000	0.0000	0.0000	0.0000	0.0000	0.0000
7119.4700	45.0000	22.5000	0.0000	0.0000	2.0000	0.0000	2.0000	0.0000	0.0000	0.0000	0.0000	0.0000
7120.5960	45.0000	22.5000	1.0000	0.0000	2.0000	0.0000	2.0000	0.0000	0.0000	0.0000	0.0000	0.0000
7121.7010	45.0000	22.5000	0.0000	0.0000	2.0000	0.0000	2.0000	0.0000	0.0000	0.0000	0.0000	0.0000
7122.8410	45.0000	22.5000	0.0000	0.0000	2.0000	0.0000	2.0000	0.0000	0.0000	0.0000	0.0000	0.0000
7123.9510	45.0000	22.5000	0.0000	0.0000	2.0000	0.0000	2.0000	0.0000	0.0000	0.0000	0.0000	0.0000
7125.0610	45.0000	22.5000	0.0000	0.0000	2.0000	0.0000	2.0000	0.0000	0.0000	0.0000	0.0000	0.0000
7126.1920	45.0000	22.5000	0.0000	0.0000	2.0000	0.0000	2.0000	0.0000	0.0000	0.0000	0.0000	0.0000
7127.3010	45.0000	22.5000	0.0000	0.0000	2.0000	0.0000	2.0000	0.0000	0.0000	0.0000	0.0000	0.0000
7128.4510	45.0000	22.5000	0.0000	0.0000	2.0000	0.0000	2.0000	0.0000	0.0000	0.0000	0.0000	0.0000
7129.5610	45.0000	22.5000	0.0000	0.0000	2.0000	0.0000	2.0000	0.0000	0.0000	0.0000	0.0000	0.0000
7130.6710	45.0000	22.5000	0.0000	0.0000	2.0000	0.0000	2.0000	0.0000	0.0000	0.0000	0.0000	0.0000
7131.7920	45.0000	22.5000	0.0000	0.0000	2.0000	0.0000	2.0000	0.0000	0.0000	0.0000	0.0000	0.0000
7132.9010	45.0000	22.5000	0.0000	0.0000	2.0000	0.0000	2.0000	0.0000	0.0000	0.0000	0.0000	0.0000
7134.0410	45.0000	22.5000	0.0000	0.0000	2.0000	0.0000	2.0000	0.0000	0.0000	0.0000	0.0000	0.0000
7135.1510	45.0000	22.5000	1.0000	0.0000	2.0000	0.0000	2.0000	0.0000	0.0000	0.0000	0.0000	0.0000
7136.2600	45.0000	22.5000	0.0000	0.0000	2.0000	0.0000	2.0000	0.0000	0.0000	0.0000	0.0000	0.0000
7137.3720	45.0000	22.5000	0.0000	0.0000	2.0000	0.0000	2.0000	0.0000	0.0000	0.0000	0.0000	0.0000
7138.4810	45.0000	22.5000	0.0000	0.0000	2.0000	0.0000	2.0000	0.0000	0.0000	0.0000	0.0000	0.0000
7139.5910	45.0000	22.5000	0.0000	0.0000	2.0000	0.0000	2.0000	0.0000	0.0000	0.0000	0.0000	0.0000
7140.7000	45.0000	22.5000	0.0000	0.0000	2.0000	0.0000	2.0000	0.0000	0.0000	0.0000	0.0000	0.0000
7141.8100	45.0000	22.5000	0.0000	0.0000	2.0000	0.0000	2.0000	0.0000	0.0000	0.0000	0.0000	0.0000
7142.9210	45.0000	22.5000	0.0000	0.0000	2.0000	0.0000	2.0000	0.0000	0.0000	0.0000	0.0000	0.0000
7144.0710	45.0000	22.5000	0.0000	0.0000	2.0000	0.0000	2.0000	0.0000	0.0000	0.0000	0.0000	0.0000
7145.1910	45.0000	22.5000	0.0000	0.0000	2.0000	0.0000	2.0000	0.0000	0.0000	0.0000	0.0000	0.0000
7146.3010	45.0000	22.5000	0.0000	0.0000	2.0000	0.0000	2.0000	0.0000	0.0000	0.0000	0.0000	0.0000
7147.4160	45.0000	22.5000	1.0000	0.0000	2.0000	0.0000	2.0000	0.0000	0.0000	0.0000	0.0000	0.0000
7148.5210	45.0000	22.5000	1.0000	0.0000	2.0000	0.0000	2.0000	0.0000	0.0000	0.0000	0.0000	0.0000
7149.6610	45.0000	22.5000	1.0000	0.0000	2.0000	0.0000	2.0000	0.0000	0.0000	0.0000	0.0000	0.0000
7150.7710	45.0000	22.5000	0.0000	0.0000	2.0000	0.0000	2.0000	0.0000	0.0000	0.0000	0.0000	0.0000
7151.8810	45.0000	22.5000	0.0000	0.0000	2.0000	0.0000	2.0000	0.0000	0.0000	0.0000	0.0000	0.0000
7153.0040	45.0000	22.5000	0.0000	0.0000	2.0000	0.0000	2.0000	0.0000	0.0000	0.0000	0.0000	0.0000
7154.1110	45.0000	22.5000	1.0000	0.0000	2.0000	0.0000	2.0000	0.0000	0.0000	0.0000	0.0000	0.0000
7155.2610	45.0000	22.5000	0.0000	0.0000	2.0000	0.0000	2.0000	0.0000	0.0000	0.0000	0.0000	0.0000
7156.3710	45.0000	22.5000	0.0000	0.0000	2.0000	0.0000	2.0000	0.0000	0.0000	0.0000	0.0000	0.0000
7157.4810	45.0000	22.5000	0.0000	0.0000	2.0000	0.0000	2.0000	0.0000	0.0000	0.0000	0.0000	0.0000
7158.6000	45.0000	22.5000	0.0000	0.0000	2.0000	0.0000	2.0000	0.0000	0.0000	0.0000	0.0000	0.0000
7159.7120	45.0000	22.5000	0.0000	0.0000	2.0000	0.0000	2.0000	0.0000	0.0000	0.0000	0.0000	0.0000
7160.8610	45.0000	22.5000	1.0000	0.0000	2.0000	0.0000	2.0000	0.0000	0.0000	0.0000	0.0000	0.0000
7161.9710	45.0000	22.5000	1.0000	0.0000	2.0000	0.0000	2.0000	0.0000	0.0000	0.0000	0.0000	0.0000
7163.0810	45.0000	22.5000	0.0000	0.0000	2.0000	0.0000	2.0000	0.0000	0.0000	0.0000	0.0000	0.0000
7164.2040	45.0000	22.5000	1.0000	0.0000	2.0000	0.0000	2.0000	0.0000	0.0000	0.0000	0.0000	0.0000
7165.3110	45.0000	22.5000	0.0000	0.0000	2.0000	0.0000	2.0000	0.0000	0.0000	0.0000	0.0000	0.0000
7166.4620	45.0000	22.5000	0.0000	0.0000	2.0000	0.0000	2.0000	0.0000	0.0000	0.0000	0.0000	0.0000
7167.5710	45.0000	22.5000	0.0000	0.0000	2.0000	0.0000	2.0000	0.0000	0.0000	0.0000	0.0000	0.0000
7168.6810	45.0000	22.5000	0.0000	0.0000	2.0000	0.0000	2.0000	0.0000	0.0000	0.0000	0.0000	0.0000
7169.8010	45.0000	22.5000	0.0000	0.0000	2.0000	0.0000	2.0000	0.0000	0.0000	0.0000	0.0000	0.0000
7170.9100	45.0000	22.5000	0.0000	0.0000	2.0000	0.0000	2.0000	0.0000	0.0000	0.0000	0.0000	0.0000
7172.0310	45.0000	22.5000	0.0000	0.0000	2.0000	0.0000	2.0000	0.0000	0.0000	0.0000	0.0000	0.0000
7173.1410	45.0000	22.5000	0.0000	0.0000	2.0000	0.0000	2.0000	0.0000	0.0000	0.0000	0.0000	0.0000
7174.2610	45.0000	22.5000	0.0000	0.0000	2.0000	0.0000	2.0000	0.0000	0.0000	0.0000	0.0000	0.0000
7175.3700	45.0000	22.5000	2.0000	0.0000	2.0000	0.0000	2.0000	0.0000	0.0000	0.0000	0.0000	0.0000
7176.4810	45.0000	22.5000	0.0000	0.0000	2.0000	0.0000	2.0000	0.0000	0.0000	0.0000	0.0000	0.0000
7177.6030	45.0000	22.5000	0.0000	0.0000	2.0000	0.0000	2.0000	0.0000	0.0000	0.0000	0.0000	0.0000
7178.7100	45.0000	22.5000	0.0000	1.0000	2.0000	0.0000	2.0000	0.0000	0.0000	0.0000	0.0000	0.0000
7179.8710	45.0000	22.5000	1.0000	0.0000	2.0000	0.0000	2.0000	0.0000	0.0000	0.0000	0.0000	0.0000
7181.0010	45.0000	22.5000	1.0000	0.0000	2.0000	0.0000	2.0000	0.0000	0.0000	0.0000	0.0000	0.0000
7182.1110	45.0000	22.5000	0.0000	0.0000	2.0000	0.0000	2.0000	0.0000	0.0000	0.0000	0.0000	0.0000
7183.2200	45.0000	22.5000	0.0000	0.0000	2.0000	0.0000	2.0000	0.0000	0.0000	0.0000	0.0000	0.0000
7184.3300	45.0000	22.5000	0.0000	0.0000	2.0000	0.0000	2.0000	0.0000	0.0000	0.0000	0.0000	0.0000
7185.4610	45.0000	22.5000	0.0000	0.0000	2.0000	0.0000	2.0000	0.0000	0.0000	0.0000	0.0000	0.0000
7186.5710	45.0000	22.5000	0.0000	0.0000	2.0000	0.0000	2.0000	0.0000	0.0000	0.0000	0.0000	0.0000
7187.6810	45.0000	22.5000	1.0000	0.0000	2.0000	0.0000	2.0000	0.0000	0.0000	0.0000	0.0000	0.0000
7188.8080	45.0000	22.5000	0.0000	0.0000	2.0000	0.0000	2.0000	0.0000	0.0000	0.0000	0.0000	0.0000
7189.9210	45.0000	22.5000	1.0000	0.0000	2.0000	0.0000	2.0000	0.0000	0.0000	0.0000	0.0000	0.0000
7191.0710	45.0000	22.5000	0.0000	0.0000	2.0000	0.0000	2.0000	0.0000	0.0000	0.0000	0.0000	0.0000
7192.1810	45.0000	22.5000	0.0000	0.0000	2.0000	0.0000	2.0000	0.0000	0.0000	0.0000	0.0000	0.0000
7193.2910	45.0000	22.5000	0.0000	0.0000	2.0000	0.0000	2.0000	0.0000	0.0000	0.0000	0.0000	0.0000
7194.4120	45.0000	22.5000	0.0000	0.0000	2.0000	0.0000	2.0000	0.0000	0.0000	0.0000	0.0000	0.0000
7195.5210	45.0000	22.5000	0.0000	0.0000	2.0000	0.0000	2.0000	0.0000	0.0000	0.0000	0.0000	0.0000
7196.6610	45.0000	22.5000	0.0000	0.0000	2.0000	0.0000	2.0000	0.0000	0.0000	0.0000	0.0000	0.0000
7197.7700	45.0000	22.5000	0.0000	0.0000	2.0000	0.0000	2.0000	0.0000	0.0000	0.0000	0.0000	0.0000
7198.8800	45.0000	22.5000	0.0000	0.0000	2.0000	0.0000	2.0000	0.0000	0.0000	0.0000	0.0000	0.0000
7200.0610	45.0000	22.5000	2.0000	0.0000	2.0000	0.0000	2.0000	1.0000	0.0000	0.0000	0.0000	1.0000
7201.1710	45.0000	22.5000	0.0000	0.0000	2.0000	0.0000	2.0000	0.0000	0.0000	0.0000	0.0000	0.0000
7202.2800	45.0000	22.5000	0.0000	0.0000	2.0000	0.0000	2.0000	0.0000	0.0000	0.0000	0.0000	0.0000
7203.4240	45.0000	22.5000	0.0000	0.0000	2.0000	0.0000	2.0000	0.0000	0.0000	0.0000	0.0000	0.0000
7204.5300	45.0000	22.5000	1.0000	0.0000	2.0000	0.0000	2.0000	0.0000	0.0000	0.0000	0.0000	0.0000
7205.6710	45.0000	22.5000	0.0000	0.0000	2.0000	0.0000	2.0000	0.0000	0.0000	0.0000	0.0000	0.0000
7206.7900	45.0000	22.5000	0.0000	0.0000	2.0000	0.0000	2.0000	0.0000	0.0000	0.0000	0.0000	0.0000
7207.9010	45.0000	22.5000	0.0000	0.0000	2.0000	0.0000	2.0000	0.0000	0.0000	0.0000	0.0000	0.0000
7209.0140	45.0000	22.5000	0.0000	0.0000	2.0000	0.0000	2.0000	0.0000	0.0000	0.0000	0.0000	0.0000
7210.1200	45.0000	22.5000	0.0000	0.0000	2.0000	0.0000	2.0000	0.0000	0.0000	0.0000	0.0000	0.0000
7211.2300	45.0000	22.5000	0.0000	0.0000	2.0000	0.0000	2.0000	0.0000	0.0000	0.0000	0.0000	0.0000
7212.3410	45.0000	22.5000	0.0000	0.0000	2.0000	0.0000	2.0000	0.0000	0.0000	0.0000	0.0000	0.0000
7213.4700	45.0000	22.5000	0.0000	0.0000	2.0000	0.0000	2.0000	0.0000	0.0000	0.0000	0.0000	0.0000
7214.5800	45.0000	22.5000	1.0000	0.0000	2.0000	0.0000	2.0000	0.0000	0.0000	0.0000	0.0000	0.0000
7215.6900	45.0000	22.5000	0.0000	0.0000	2.0000	0.0000	2.0000	0.0000	0.0000	0.0000	0.0000	0.0000
7216.8170	45.0000	22.5000	0.0000	0.0000	2.0000	0.0000	2.0000	0.0000	0.0000	0.0000	0.0000	0.0000
7217.9210	45.0000	22.5000	0.0000	0.0000	2.0000	0.0000	2.0000	0.0000	0.0000	0.0000	0.0000	0.0000
7219.0700	45.0000	22.5000	0.0000	0.0000	2.0000	0.0000	2.0000	0.0000	0.0000	0.0000	0.0000	0.0000
7220.1910	45.0000	22.5000	0.0000	0.0000	2.0000	0.0000	2.0000	0.0000	0.0000	0.0000	0.0000	0.0000
7221.3010	45.0000	22.5000	1.0000	0.0000	2.0000	0.0000	2.0000	0.0000	0.0000	0.0000	0.0000	0.0000
7222.4310	45.0000	22.5000	0.0000	0.0000	2.0000	0.0000	2.0000	0.0000	0.0000	0.0000	0.0000	0.0000
7223.5410	45.0000	22.5000	0.0000	0.0000	2.0000	0.0000	2.0000	0.0000	0.0000	0.0000	0.0000	0.0000
7224.6910	45.0000	22.5000	0.0000	0.0000	2.0000	0.0000	2.0000	0.0000	0.0000	0.0000	0.0000	0.0000
7225.9010	45.0000	22.5000	0.0000	0.0000	2.0000	0.0000	2.0000	0.0000	0.0000	0.0000	0.0000	0.0000
7227.0610	45.0000	22.5000	0.0000	0.0000	2.0000	0.0000	2.0000	0.0000	0.0000	0.0000	0.0000	0.0000
7228.1710	45.0000	22.5000	0.0000	0.0000	2.0000	0.0000	2.0000	0.0000	0.0000	0.0000	0.0000	0.0000
7229.2800	45.0000	22.5000	0.0000	0.0000	2.0000	0.0000	2.0000	0.0000	0.0000	0.0000	0.0000	0.0000
7230.4240	45.0000	22.5000	0.0000	0.0000	2.0000	0.0000	2.0000	0.0000	0.0000	0.0000	0.0000	0.0000
7231.5310	45.0000	22.5000	0.0000	0.0000	2.0000	0.0000	2.0000	0.0000	0.0000	0.0000	0.0000	0.0000
7232.6810	45.0000	22.5000	0.0000	0.0000	2.0000	0.0000	2.0000	0.0000	0.0000	0.0000	0.0000	0.0000
7233.7900	45.0000	22.5000	0.0000	0.0000	2.0000	0.0000	2.0000	0.0000	0.0000	0.0000	0.0000	0.0000
7234.9010	45.0000	22.5000	0.0000	0.0000	2.0000	0.0000	2.0000	0.0000	0.0000	0.0000	0.0000	0.0000
7236.0210	45.0000	22.5000	0.0000	0.0000	2.0000	0.0000	2.0000	0.0000	0.0000	0.0000	0.0000	0.0000
7237.1310	45.0000	22.5000	0.0000	0.0000	2.0000	0.0000	2.0000	0.0000	0.0000	0.0000	0.0000	0.0000
7238.2710	45.0000	22.5000	0.0000	0.0000	2.0000	0.0000	2.0000	0.0000	0.0000	0.0000	0.0000	0.0000
7239.3900	45.0000	22.5000	0.0000	0.0000	2.0000	0.0000	2.0000	0.0000	0.0000	0.0000	0.0000	0.0000
7240.5010	45.0000	22.5000	0.0000	0.0000	2.0000	0.0000	2.0000	0.0000	0.0000	0.0000	0.0000	0.0000
7241.6250	45.0000	22.5000	0.0000	0.0000	2.0000	0.0000	2.0000	0.0000	0.0000	0.0000	0.0000	0.0000
7242.7310	45.0000	22.5000	0.0000	0.0000	2.0000	0.0000	2.0000	0.0000	0.0000	0.0000	0.0000	0.0000
7243.8810	45.0000	22.5000	0.0000	0.0000	2.0000	0.0000	2.0000	0.0000	0.0000	0.0000	0.0000	0.0000
7245.0610	45.0000	22.5000	0.0000	0.0000	2.0000	0.0000	2.0000	0.0000	0.0000	0.0000	0.0000	0.0000
7246.1710	45.0000	22.5000	0.0000	0.0000	2.0000	0.0000	2.0000	0.0000	0.0000	0.0000	0.0000	0.0000
7247.2810	45.0000	22.5000	0.0000	0.0000	2.0000	0.0000	2.0000	0.0000	0.0000	0.0000	0.0000	0.0000
7248.4150	45.0000	22.5000	0.0000	0.0000	2.0000	0.0000	2.0000	0.0000	0.0000	0.0000	0.0000	0.0000
7249.5210	45.0000	22.5000	0.0000	0.0000	2.0000	0.0000	2.0000	0.0000	0.0000	0.0000	0.0000	0.0000
7250.6810	45.0000	22.5000	0.0000	0.0000	2.0000	0.0000	2.0000	0.0000	0.0000	0.0000	0.0000	0.0000
7251.7910	45.0000	22.5000	0.0000	0.0000	2.0000	0.0000	2.0000	0.0000	0.0000	0.0000	0.0000	0.0000
7252.9000	45.0000	22.5000	0.0000	0.0000	2.0000	0.0000	2.0000	0.0000	0.0000	0.0000	0.0000	0.0000
7254.0140	45.0000	22.5000	0.0000	0.0000	2.0000	0.0000	2.0000	0.0000	0.0000	0.0000	0.0000	0.0000
7255.1210	45.0000	22.5000	0.0000	0.0000	2.0000	0.0000	2.0000	0.0000	0.0000	0.0000	0.0000	0.0000
7256.2710	45.0000	22.5000	0.0000	0.0000	2.0000	0.0000	2.0000	0.0000	0.0000	0.0000	0.0000	0.0000
7257.3910	45.0000	22.5000	0.0000	0.0000	2.0000	0.0000	2.0000	0.0000	0.0000	0.0000	0.0000	0.0000
7258.5000	45.0000	22.5000	1.0000	0.0000	2.0000	0.0000	2.0000	0.0000	0.0000	0.0000	0.0000	0.0000
7259.6350	45.0000	22.5000	1.0000	0.0000	2.0000	0.0000	2.0000	0.0000	0.0000	0.0000	0.0000	0.0000
7260.7410	45.0000	22.5000	0.0000	0.0000	2.0000	0.0000	2.0000	0.0000	0.0000	0.0000	0.0000	0.0000
7261.8810	45.0000	22.5000	0.0000	0.0000	2.0000	0.0000	2.0000	0.0000	0.0000	0.0000	0.0000	0.0000
7263.0710	45.0000	22.5000	0.0000	0.0000	2.0000	0.0000	2.0000	0.0000	0.0000	0.0000	0.0000	0.0000
7264.1810	45.0000	22.5000	0.0000	0.0000	2.0000	0.0000	2.0000	0.0000	0.0000	0.0000	0.0000	0.0000
7265.2910	45.0000	22.5000	0.0000	0.0000	2.0000	0.0000	2.0000	0.0000	0.0000	0.0000	0.0000	0.0000
7266.4160	45.0000	22.5000	0.0000	0.0000	2.0000	0.0000	2.0000	0.0000	0.0000	0.0000	0.0000	0.0000
7267.5210	45.0000	22.5000	0.0000	0.0000	2.0000	0.0000	2.0000	0.0000	0.0000	0.0000	0.0000	0.0000
7268.6810	45.0000	22.5000	0.0000	0.0000	2.0000	0.0000	2.0000	0.0000	0.0000	0.0000	0.0000	0.0000
7269.7910	45.0000	22.5000	0.0000	0.0000	2.0000	0.0000	2.0000	0.0000	0.0000	0.0000	0.0000	0.0000
7270.9010	45.0000	22.5000	0.0000	0.0000	2.0000	0.0000	2.0000	0.0000	0.0000	0.0000	0.0000	0.0000
7272.0330	45.0000	22.5000	0.0000	0.0000	2.0000	0.0000	2.0000	0.0000	0.0000	0.0000	0.0000	0.0000
7273.1410	45.0000	22.5000	0.0000	1.0000	2.0000	0.0000	2.0000	0.0000	0.0000	0.0000	0.0000	0.0000
7274.3010	45.0000	22.5000	0.0000	0.0000	2.0000	0.0000	2.0000	0.0000	0.0000	0.0000	0.0000	0.0000
7275.4910	45.0000	22.5000	0.0000	0.0000	2.0000	0.0000	2.0000	0.0000	0.0000	0.0000	0.0000	0.0000
7276.6810	45.0000	22.5000	0.0000	0.0000	2.0000	0.0000	2.0000	0.0000	0.0000	0.0000	0.0000	0.0000
7277.7910	45.0000	22.5000	1.0000	1.0000	2.0000	0.0000	2.0000	0.0000	0.0000	0.0000	0.0000	0.0000
7278.9100	45.0000	22.5000	0.0000	0.0000	2.0000	0.0000	2.0000	0.0000	0.0000	0.0000	0.0000	0.0000
7280.0300	45.0000	22.5000	1.0000	0.0000	2.0000	0.0000	2.0000	0.0000	0.0000	0.0000	0.0000	0.0000
7281.1520	45.0000	22.5000	1.0000	0.0000	2.0000	0.0000	2.0000	0.0000	0.0000	0.0000	0.0000	0.0000
7282.3010	45.0000	22.5000	0.0000	0.0000	2.0000	0.0000	2.0000	0.0000	0.0000	0.0000	0.0000	0.0000
7283.4810	45.0000	22.5000	0.0000	0.0000	2.0000	0.0000	2.0000	0.0000	0.0000	0.0000	0.0000	0.0000
7284.5910	45.0000	22.5000	1.0000	0.0000	2.0000	0.0000	2.0000	0.0000	0.0000	0.0000	0.0000	0.0000
7285.7010	45.0000	22.5000	0.0000	0.0000	2.0000	0.0000	2.0000	0.0000	0.0000	0.0000	0.0000	0.0000
7286.8250	45.0000	22.5000	0.0000	0.0000	2.0000	0.0000	2.0000	0.0000	0.0000	0.0000	0.0000	0.0000
7287.9320	45.0000	22.5000	0.0000	0.0000	2.0000	0.0000	2.0000	0.0000	0.0000	0.0000	0.0000	0.0000
7289.0820	45.0000	22.5000	0.0000	0.0000	2.0000	0.0000	2.0000	0.0000	0.0000	0.0000	0.0000	0.0000
7290.2440	45.0000	22.5000	0.0000	0.0000	2.0000	0.0000	2.0000	0.0000	0.0000	0.0000	0.0000	0.0000
7291.3520	45.0000	22.5000	0.0000	0.0000	2.0000	0.0000	2.0000	0.0000	0.0000	0.0000	0.0000	0.0000
7292.4910	45.0000	22.5000	0.0000	1.0000	2.0000	0.0000	2.0000	0.0000	0.0000	0.0000	0.0000	0.0000
7293.6610	45.0000	22.5000	0.0000	0.0000	2.0000	0.0000	2.0000	0.0000	0.0000	0.0000	0.0000	0.0000
7294.7820	45.0000	22.5000	0.0000	0.0000	2.0000	0.0000	2.0000	0.0000	0.0000	0.0000	0.0000	0.0000
7295.8910	45.0000	22.5000	1.0000	0.0000	2.0000	0.0000	2.0000	0.0000	0.0000	0.0000	0.0000	0.0000
7297.0390	45.0000	22.5000	0.0000	0.0000	2.0000	0.0000	2.0000	0.0000	0.0000	0.0000	0.0000	0.0000
7298.1510	45.0000	22.5000	0.0000	0.0000	2.0000	0.0000	2.0000	0.0000	0.0000	0.0000	0.0000	0.0000
7299.2910	45.0000	22.5000	0.0000	0.0000	2.0000	0.0000	2.0000	0.0000	0.0000	0.0000	0.0000	0.0000
7300.4700	45.0000	22.5000	1.0000	1.0000	2.0000	0.0000	2.0000	0.0000	0.0000	0.0000	0.0000	0.0000
7301.5910	45.0000	22.5000	0.0000	0.0000	2.0000	0.0000	2.0000	0.0000	0.0000	0.0000	0.0000	0.0000
