Time	HWP_a1	HWP_a2	Single Count 1	Single Count 2	Single Count 3	Single Count 4	Sum	Coincidence Count 1	Coincidence Count 2	Coincidence Count 3	Coincidence Count 4	Coincidence Sum
2269,5810	0,0000	0,0000	0,0000	1,0000	2,0000	0,0000	2,0000	0,0000	0,0000	0,0000	0,0000	0,0000
2270,7010	0,0000	0,0000	0,0000	0,0000	2,0000	0,0000	2,0000	0,0000	0,0000	0,0000	0,0000	0,0000
2271,8210	0,0000	0,0000	0,0000	1,0000	2,0000	0,0000	2,0000	0,0000	0,0000	0,0000	0,0000	0,0000
2272,9410	0,0000	0,0000	0,0000	1,0000	2,0000	0,0000	2,0000	0,0000	0,0000	0,0000	0,0000	0,0000
2274,0610	0,0000	0,0000	0,0000	0,0000	2,0000	0,0000	2,0000	0,0000	0,0000	0,0000	0,0000	0,0000
2275,1810	0,0000	0,0000	0,0000	0,0000	2,0000	0,0000	2,0000	0,0000	0,0000	0,0000	0,0000	0,0000
2276,2910	0,0000	0,0000	0,0000	2,0000	2,0000	0,0000	2,0000	0,0000	0,0000	1,0000	0,0000	0,0000
2277,4000	0,0000	0,0000	0,0000	0,0000	2,0000	0,0000	2,0000	0,0000	0,0000	0,0000	0,0000	0,0000
2278,5110	0,0000	0,0000	0,0000	3,0000	2,0000	0,0000	2,0000	0,0000	0,0000	0,0000	0,0000	0,0000
2279,6510	0,0000	0,0000	0,0000	1,0000	2,0000	0,0000	2,0000	0,0000	0,0000	0,0000	0,0000	0,0000
2280,7600	0,0000	0,0000	0,0000	0,0000	2,0000	0,0000	2,0000	0,0000	0,0000	0,0000	0,0000	0,0000
2281,8810	0,0000	0,0000	0,0000	1,0000	2,0000	0,0000	2,0000	0,0000	0,0000	0,0000	0,0000	0,0000
2283,0020	0,0000	0,0000	0,0000	0,0000	2,0000	0,0000	2,0000	0,0000	0,0000	0,0000	0,0000	0,0000
2284,1110	0,0000	0,0000	0,0000	1,0000	2,0000	0,0000	2,0000	0,0000	0,0000	0,0000	0,0000	0,0000
2285,2600	0,0000	0,0000	0,0000	0,0000	2,0000	0,0000	2,0000	0,0000	0,0000	0,0000	0,0000	0,0000
2286,3920	0,0000	0,0000	0,0000	2,0000	2,0000	0,0000	2,0000	0,0000	0,0000	0,0000	0,0000	0,0000
2287,5110	0,0000	0,0000	0,0000	1,0000	2,0000	0,0000	2,0000	0,0000	0,0000	0,0000	0,0000	0,0000
2288,6310	0,0000	0,0000	0,0000	1,0000	2,0000	0,0000	2,0000	0,0000	0,0000	0,0000	0,0000	0,0000
2289,7410	0,0000	0,0000	0,0000	0,0000	2,0000	0,0000	2,0000	0,0000	0,0000	0,0000	0,0000	0,0000
2290,8510	0,0000	0,0000	0,0000	0,0000	2,0000	0,0000	2,0000	0,0000	0,0000	0,0000	0,0000	0,0000
2291,9610	0,0000	0,0000	1,0000	3,0000	2,0000	0,0000	2,0000	0,0000	0,0000	0,0000	0,0000	0,0000
2293,0810	0,0000	0,0000	0,0000	4,0000	2,0000	0,0000	2,0000	0,0000	0,0000	1,0000	0,0000	0,0000
2294,2040	0,0000	0,0000	0,0000	0,0000	2,0000	0,0000	2,0000	0,0000	0,0000	0,0000	0,0000	0,0000
2295,3200	0,0000	0,0000	0,0000	3,0000	2,0000	0,0000	2,0000	0,0000	0,0000	2,0000	0,0000	0,0000
2296,4610	0,0000	0,0000	0,0000	0,0000	2,0000	0,0000	2,0000	0,0000	0,0000	0,0000	0,0000	0,0000
2297,5920	0,0000	0,0000	0,0000	0,0000	2,0000	0,0000	2,0000	0,0000	0,0000	0,0000	0,0000	0,0000
2298,7010	0,0000	0,0000	0,0000	0,0000	2,0000	0,0000	2,0000	0,0000	0,0000	0,0000	0,0000	0,0000
2299,8100	0,0000	0,0000	0,0000	2,0000	2,0000	0,0000	2,0000	0,0000	0,0000	0,0000	0,0000	0,0000
2300,9310	0,0000	0,0000	0,0000	2,0000	2,0000	0,0000	2,0000	0,0000	0,0000	0,0000	0,0000	0,0000
2302,0510	0,0000	0,0000	0,0000	0,0000	2,0000	0,0000	2,0000	0,0000	0,0000	0,0000	0,0000	0,0000
2303,1710	0,0000	0,0000	0,0000	1,0000	2,0000	0,0000	2,0000	0,0000	0,0000	0,0000	0,0000	0,0000
2304,2800	0,0000	0,0000	1,0000	0,0000	2,0000	0,0000	2,0000	0,0000	0,0000	0,0000	0,0000	0,0000
2305,4030	0,0000	0,0000	0,0000	0,0000	2,0000	0,0000	2,0000	0,0000	0,0000	0,0000	0,0000	0,0000
2306,5110	0,0000	0,0000	0,0000	1,0000	2,0000	0,0000	2,0000	0,0000	0,0000	0,0000	0,0000	0,0000
2307,6710	0,0000	0,0000	0,0000	2,0000	2,0000	0,0000	2,0000	0,0000	0,0000	0,0000	0,0000	0,0000
2308,7910	0,0000	0,0000	0,0000	1,0000	2,0000	0,0000	2,0000	0,0000	0,0000	0,0000	0,0000	0,0000
2309,9110	0,0000	0,0000	0,0000	1,0000	2,0000	0,0000	2,0000	0,0000	0,0000	0,0000	0,0000	0,0000
2311,0200	0,0000	0,0000	0,0000	2,0000	2,0000	0,0000	2,0000	0,0000	1,0000	1,0000	0,0000	1,0000
2312,1310	0,0000	0,0000	0,0000	1,0000	2,0000	0,0000	2,0000	0,0000	0,0000	0,0000	0,0000	0,0000
2313,2610	0,0000	0,0000	1,0000	1,0000	2,0000	0,0000	2,0000	0,0000	0,0000	0,0000	0,0000	0,0000
2314,3710	0,0000	0,0000	0,0000	1,0000	2,0000	0,0000	2,0000	0,0000	0,0000	0,0000	0,0000	0,0000
2315,4810	0,0000	0,0000	1,0000	1,0000	2,0000	0,0000	2,0000	0,0000	0,0000	0,0000	0,0000	0,0000
2316,5920	0,0000	0,0000	0,0000	0,0000	2,0000	0,0000	2,0000	0,0000	0,0000	0,0000	0,0000	0,0000
2317,7110	0,0000	0,0000	1,0000	0,0000	2,0000	0,0000	2,0000	0,0000	0,0000	0,0000	0,0000	0,0000
2318,8610	0,0000	0,0000	1,0000	1,0000	2,0000	0,0000	2,0000	0,0000	0,0000	0,0000	0,0000	0,0000
2319,9710	0,0000	0,0000	0,0000	0,0000	2,0000	0,0000	2,0000	0,0000	0,0000	0,0000	0,0000	0,0000
2321,0910	0,0000	0,0000	0,0000	1,0000	2,0000	0,0000	2,0000	0,0000	0,0000	0,0000	0,0000	0,0000
2322,2110	0,0000	0,0000	0,0000	0,0000	2,0000	0,0000	2,0000	0,0000	0,0000	0,0000	0,0000	0,0000
2323,3210	0,0000	0,0000	0,0000	0,0000	2,0000	0,0000	2,0000	0,0000	0,0000	0,0000	0,0000	0,0000
2324,4710	0,0000	0,0000	1,0000	1,0000	2,0000	0,0000	2,0000	1,0000	0,0000	0,0000	0,0000	1,0000
2325,5910	0,0000	0,0000	0,0000	0,0000	2,0000	0,0000	2,0000	0,0000	0,0000	0,0000	0,0000	0,0000
2326,7110	0,0000	0,0000	0,0000	0,0000	2,0000	0,0000	2,0000	0,0000	0,0000	0,0000	0,0000	0,0000
2327,8200	0,0000	0,0000	0,0000	0,0000	2,0000	0,0000	2,0000	0,0000	0,0000	0,0000	0,0000	0,0000
2328,9320	0,0000	0,0000	0,0000	0,0000	2,0000	0,0000	2,0000	0,0000	0,0000	0,0000	0,0000	0,0000
2330,0710	0,0000	0,0000	0,0000	1,0000	2,0000	0,0000	2,0000	0,0000	0,0000	0,0000	0,0000	0,0000
2331,2910	0,0000	0,0000	0,0000	3,0000	2,0000	0,0000	2,0000	0,0000	0,0000	0,0000	0,0000	0,0000
2332,4910	0,0000	0,0000	0,0000	0,0000	2,0000	0,0000	2,0000	0,0000	0,0000	0,0000	0,0000	0,0000
2333,6710	0,0000	0,0000	0,0000	0,0000	2,0000	0,0000	2,0000	0,0000	0,0000	0,0000	0,0000	0,0000
2334,7910	0,0000	0,0000	0,0000	0,0000	2,0000	0,0000	2,0000	0,0000	0,0000	0,0000	0,0000	0,0000
2335,9010	0,0000	0,0000	0,0000	2,0000	2,0000	0,0000	2,0000	0,0000	0,0000	0,0000	0,0000	0,0000
2337,0100	0,0000	0,0000	1,0000	1,0000	2,0000	0,0000	2,0000	0,0000	0,0000	0,0000	0,0000	0,0000
2338,1210	0,0000	0,0000	0,0000	1,0000	2,0000	0,0000	2,0000	0,0000	0,0000	0,0000	0,0000	0,0000
2339,2610	0,0000	0,0000	0,0000	1,0000	2,0000	0,0000	2,0000	0,0000	0,0000	0,0000	0,0000	0,0000
2340,3700	0,0000	0,0000	0,0000	0,0000	2,0000	0,0000	2,0000	0,0000	0,0000	0,0000	0,0000	0,0000
2341,4810	0,0000	0,0000	0,0000	1,0000	2,0000	0,0000	2,0000	0,0000	0,0000	0,0000	0,0000	0,0000
2342,6040	0,0000	0,0000	0,0000	2,0000	2,0000	0,0000	2,0000	0,0000	1,0000	1,0000	0,0000	1,0000
2343,7310	0,0000	0,0000	0,0000	1,0000	2,0000	0,0000	2,0000	0,0000	0,0000	0,0000	0,0000	0,0000
2344,8710	0,0000	0,0000	1,0000	3,0000	2,0000	0,0000	2,0000	0,0000	0,0000	1,0000	0,0000	0,0000
2346,0310	0,0000	0,0000	0,0000	0,0000	2,0000	0,0000	2,0000	0,0000	0,0000	0,0000	0,0000	0,0000
2347,1510	0,0000	0,0000	0,0000	4,0000	2,0000	0,0000	2,0000	0,0000	0,0000	0,0000	0,0000	0,0000
2348,2700	0,0000	0,0000	1,0000	2,0000	2,0000	0,0000	2,0000	0,0000	0,0000	0,0000	0,0000	0,0000
2349,4010	0,0000	0,0000	0,0000	1,0000	2,0000	0,0000	2,0000	0,0000	1,0000	1,0000	0,0000	1,0000
2350,5210	0,0000	0,0000	0,0000	0,0000	2,0000	0,0000	2,0000	0,0000	0,0000	0,0000	0,0000	0,0000
2351,6710	0,0000	0,0000	0,0000	1,0000	2,0000	0,0000	2,0000	0,0000	0,0000	0,0000	0,0000	0,0000
2352,8000	0,0000	0,0000	1,0000	1,0000	2,0000	0,0000	2,0000	0,0000	0,0000	0,0000	0,0000	0,0000
2353,9110	0,0000	0,0000	1,0000	0,0000	2,0000	0,0000	2,0000	0,0000	0,0000	0,0000	0,0000	0,0000
2355,0310	0,0000	0,0000	0,0000	3,0000	2,0000	0,0000	2,0000	0,0000	0,0000	0,0000	0,0000	0,0000
2356,1410	0,0000	0,0000	0,0000	1,0000	2,0000	0,0000	2,0000	0,0000	0,0000	0,0000	0,0000	0,0000
2357,2810	0,0000	0,0000	0,0000	1,0000	2,0000	0,0000	2,0000	0,0000	0,0000	0,0000	0,0000	0,0000
2358,4300	0,0000	0,0000	0,0000	0,0000	2,0000	0,0000	2,0000	0,0000	0,0000	0,0000	0,0000	0,0000
2359,5410	0,0000	0,0000	0,0000	0,0000	2,0000	0,0000	2,0000	0,0000	0,0000	0,0000	0,0000	0,0000
2360,6510	0,0000	0,0000	0,0000	1,0000	2,0000	0,0000	2,0000	0,0000	0,0000	0,0000	0,0000	0,0000
2361,7610	0,0000	0,0000	0,0000	0,0000	2,0000	0,0000	2,0000	0,0000	0,0000	0,0000	0,0000	0,0000
2362,8810	0,0000	0,0000	0,0000	0,0000	2,0000	0,0000	2,0000	0,0000	0,0000	0,0000	0,0000	0,0000
2364,0410	0,0000	0,0000	0,0000	1,0000	2,0000	0,0000	2,0000	0,0000	0,0000	0,0000	0,0000	0,0000
2365,1610	0,0000	0,0000	1,0000	1,0000	2,0000	0,0000	2,0000	0,0000	0,0000	0,0000	0,0000	0,0000
2366,2710	0,0000	0,0000	0,0000	0,0000	2,0000	0,0000	2,0000	0,0000	0,0000	0,0000	0,0000	0,0000
2367,4080	0,0000	0,0000	0,0000	1,0000	2,0000	0,0000	2,0000	0,0000	1,0000	1,0000	0,0000	1,0000
2368,5210	0,0000	0,0000	0,0000	1,0000	2,0000	0,0000	2,0000	0,0000	0,0000	0,0000	0,0000	0,0000
2369,6610	0,0000	0,0000	1,0000	1,0000	2,0000	0,0000	2,0000	0,0000	0,0000	0,0000	0,0000	0,0000
2370,7710	0,0000	0,0000	0,0000	1,0000	2,0000	0,0000	2,0000	0,0000	0,0000	0,0000	0,0000	0,0000
2371,8810	0,0000	0,0000	0,0000	2,0000	2,0000	0,0000	2,0000	0,0000	0,0000	0,0000	0,0000	0,0000
2373,0080	0,0000	0,0000	0,0000	1,0000	2,0000	0,0000	2,0000	0,0000	0,0000	0,0000	0,0000	0,0000
2374,1210	0,0000	0,0000	0,0000	0,0000	2,0000	0,0000	2,0000	0,0000	0,0000	0,0000	0,0000	0,0000
2375,2710	0,0000	0,0000	0,0000	2,0000	2,0000	0,0000	2,0000	0,0000	0,0000	0,0000	0,0000	0,0000
2376,4810	0,0000	0,0000	0,0000	0,0000	2,0000	0,0000	2,0000	0,0000	0,0000	0,0000	0,0000	0,0000
2377,6810	0,0000	0,0000	0,0000	1,0000	2,0000	0,0000	2,0000	0,0000	0,0000	0,0000	0,0000	0,0000
2378,7910	0,0000	0,0000	0,0000	1,0000	2,0000	0,0000	2,0000	0,0000	0,0000	0,0000	0,0000	0,0000
2379,9000	0,0000	0,0000	0,0000	3,0000	2,0000	0,0000	2,0000	0,0000	0,0000	0,0000	0,0000	0,0000
2381,0140	0,0000	0,0000	0,0000	1,0000	2,0000	0,0000	2,0000	0,0000	0,0000	0,0000	0,0000	0,0000
2382,1310	0,0000	0,0000	0,0000	0,0000	2,0000	0,0000	2,0000	0,0000	0,0000	0,0000	0,0000	0,0000
2383,2800	0,0000	0,0000	2,0000	0,0000	2,0000	0,0000	2,0000	0,0000	0,0000	0,0000	0,0000	0,0000
2384,3950	0,0000	0,0000	0,0000	1,0000	2,0000	0,0000	2,0000	0,0000	0,0000	0,0000	0,0000	0,0000
2385,5110	0,0000	0,0000	0,0000	0,0000	2,0000	0,0000	2,0000	0,0000	0,0000	0,0000	0,0000	0,0000
2386,6810	0,0000	0,0000	0,0000	1,0000	2,0000	0,0000	2,0000	0,0000	0,0000	0,0000	0,0000	0,0000
2387,9100	0,0000	0,0000	0,0000	0,0000	2,0000	0,0000	2,0000	0,0000	0,0000	0,0000	0,0000	0,0000
2389,0810	0,0000	0,0000	0,0000	3,0000	2,0000	0,0000	2,0000	0,0000	0,0000	1,0000	0,0000	0,0000
2390,2810	0,0000	0,0000	0,0000	3,0000	2,0000	0,0000	2,0000	0,0000	0,0000	0,0000	0,0000	0,0000
2391,3900	0,0000	0,0000	0,0000	1,0000	2,0000	0,0000	2,0000	0,0000	0,0000	0,0000	0,0000	0,0000
2392,5000	0,0000	0,0000	0,0000	2,0000	2,0000	0,0000	2,0000	0,0000	0,0000	0,0000	0,0000	0,0000
2393,6160	0,0000	0,0000	0,0000	1,0000	2,0000	0,0000	2,0000	0,0000	0,0000	0,0000	0,0000	0,0000
2394,7410	0,0000	0,0000	1,0000	1,0000	2,0000	0,0000	2,0000	0,0000	0,0000	0,0000	0,0000	0,0000
2395,8700	0,0000	0,0000	0,0000	0,0000	2,0000	0,0000	2,0000	0,0000	0,0000	0,0000	0,0000	0,0000
2396,9810	0,0000	0,0000	0,0000	1,0000	2,0000	0,0000	2,0000	0,0000	0,0000	0,0000	0,0000	0,0000
2398,1010	0,0000	0,0000	0,0000	0,0000	2,0000	0,0000	2,0000	0,0000	0,0000	0,0000	0,0000	0,0000
2399,2200	0,0000	0,0000	0,0000	1,0000	2,0000	0,0000	2,0000	0,0000	0,0000	0,0000	0,0000	0,0000
2400,3310	0,0000	0,0000	0,0000	1,0000	2,0000	0,0000	2,0000	0,0000	0,0000	0,0000	0,0000	0,0000
2401,4810	0,0000	0,0000	0,0000	0,0000	2,0000	0,0000	2,0000	0,0000	0,0000	0,0000	0,0000	0,0000
2402,5910	0,0000	0,0000	0,0000	2,0000	2,0000	0,0000	2,0000	0,0000	0,0000	0,0000	0,0000	0,0000
2403,7110	0,0000	0,0000	0,0000	2,0000	2,0000	0,0000	2,0000	0,0000	0,0000	0,0000	0,0000	0,0000
2404,8200	0,0000	0,0000	0,0000	0,0000	2,0000	0,0000	2,0000	0,0000	0,0000	0,0000	0,0000	0,0000
2405,9310	0,0000	0,0000	0,0000	2,0000	2,0000	0,0000	2,0000	0,0000	0,0000	0,0000	0,0000	0,0000
2407,0800	0,0000	0,0000	0,0000	1,0000	2,0000	0,0000	2,0000	0,0000	0,0000	0,0000	0,0000	0,0000
2408,2910	0,0000	0,0000	0,0000	1,0000	2,0000	0,0000	2,0000	0,0000	0,0000	0,0000	0,0000	0,0000
2409,5210	0,0000	0,0000	0,0000	1,0000	2,0000	0,0000	2,0000	0,0000	0,0000	0,0000	0,0000	0,0000
2410,6810	0,0000	0,0000	0,0000	1,0000	2,0000	0,0000	2,0000	0,0000	1,0000	1,0000	0,0000	1,0000
2411,7910	0,0000	0,0000	0,0000	0,0000	2,0000	0,0000	2,0000	0,0000	0,0000	0,0000	0,0000	0,0000
2412,9110	0,0000	0,0000	0,0000	2,0000	2,0000	0,0000	2,0000	0,0000	0,0000	0,0000	0,0000	0,0000
2414,0240	0,0000	0,0000	0,0000	0,0000	2,0000	0,0000	2,0000	0,0000	0,0000	0,0000	0,0000	0,0000
2415,1310	0,0000	0,0000	0,0000	0,0000	2,0000	0,0000	2,0000	0,0000	0,0000	0,0000	0,0000	0,0000
2416,2710	0,0000	0,0000	0,0000	0,0000	2,0000	0,0000	2,0000	0,0000	0,0000	0,0000	0,0000	0,0000
2417,3810	0,0000	0,0000	0,0000	3,0000	2,0000	0,0000	2,0000	0,0000	0,0000	0,0000	0,0000	0,0000
2418,4910	0,0000	0,0000	0,0000	1,0000	2,0000	0,0000	2,0000	0,0000	0,0000	0,0000	0,0000	0,0000
2419,6250	0,0000	0,0000	0,0000	1,0000	2,0000	0,0000	2,0000	0,0000	0,0000	0,0000	0,0000	0,0000
2420,7300	0,0000	0,0000	0,0000	0,0000	2,0000	0,0000	2,0000	0,0000	0,0000	0,0000	0,0000	0,0000
2421,8810	0,0000	0,0000	0,0000	1,0000	2,0000	0,0000	2,0000	0,0000	0,0000	0,0000	0,0000	0,0000
2423,0910	0,0000	0,0000	1,0000	3,0000	2,0000	0,0000	2,0000	0,0000	0,0000	0,0000	0,0000	0,0000
2424,3010	0,0000	0,0000	0,0000	1,0000	2,0000	0,0000	2,0000	0,0000	0,0000	0,0000	0,0000	0,0000
2425,4800	0,0000	0,0000	0,0000	0,0000	2,0000	0,0000	2,0000	0,0000	0,0000	0,0000	0,0000	0,0000
2426,6810	0,0000	0,0000	0,0000	2,0000	2,0000	0,0000	2,0000	0,0000	0,0000	0,0000	0,0000	0,0000
2427,8910	0,0000	0,0000	0,0000	1,0000	2,0000	0,0000	2,0000	0,0000	0,0000	0,0000	0,0000	0,0000
2429,0910	0,0000	0,0000	0,0000	0,0000	2,0000	0,0000	2,0000	0,0000	0,0000	0,0000	0,0000	0,0000
2430,3200	0,0000	0,0000	0,0000	0,0000	2,0000	0,0000	2,0000	0,0000	0,0000	0,0000	0,0000	0,0000
2431,4710	0,0000	0,0000	0,0000	0,0000	2,0000	0,0000	2,0000	0,0000	0,0000	0,0000	0,0000	0,0000
2432,5910	0,0000	0,0000	0,0000	0,0000	2,0000	0,0000	2,0000	0,0000	0,0000	0,0000	0,0000	0,0000
2433,7010	0,0000	0,0000	0,0000	2,0000	2,0000	0,0000	2,0000	0,0000	0,0000	0,0000	0,0000	0,0000
2434,8200	0,0000	0,0000	0,0000	2,0000	2,0000	0,0000	2,0000	0,0000	0,0000	0,0000	0,0000	0,0000
2435,9310	0,0000	0,0000	1,0000	1,0000	2,0000	0,0000	2,0000	0,0000	0,0000	0,0000	0,0000	0,0000
2437,0910	0,0000	0,0000	0,0000	1,0000	2,0000	0,0000	2,0000	0,0000	0,0000	0,0000	0,0000	0,0000
2438,2810	0,0000	0,0000	0,0000	2,0000	2,0000	0,0000	2,0000	0,0000	0,0000	0,0000	0,0000	0,0000
2439,4910	0,0000	0,0000	0,0000	0,0000	2,0000	0,0000	2,0000	0,0000	0,0000	0,0000	0,0000	0,0000
2440,7010	0,0000	0,0000	0,0000	1,0000	2,0000	0,0000	2,0000	0,0000	0,0000	0,0000	0,0000	0,0000
2441,8500	0,0000	0,0000	0,0000	0,0000	2,0000	0,0000	2,0000	0,0000	0,0000	0,0000	0,0000	0,0000
2442,9610	0,0000	0,0000	1,0000	1,0000	2,0000	0,0000	2,0000	0,0000	0,0000	0,0000	0,0000	0,0000
2444,0810	0,0000	0,0000	0,0000	0,0000	2,0000	0,0000	2,0000	0,0000	0,0000	0,0000	0,0000	0,0000
2445,2340	0,0000	0,0000	0,0000	1,0000	2,0000	0,0000	2,0000	0,0000	0,0000	0,0000	0,0000	0,0000
2446,3520	0,0000	0,0000	0,0000	1,0000	2,0000	0,0000	2,0000	0,0000	0,0000	0,0000	0,0000	0,0000
2447,4910	0,0000	0,0000	0,0000	2,0000	2,0000	0,0000	2,0000	0,0000	0,0000	0,0000	0,0000	0,0000
2448,6510	0,0000	0,0000	0,0000	0,0000	2,0000	0,0000	2,0000	0,0000	0,0000	0,0000	0,0000	0,0000
2449,7710	0,0000	0,0000	0,0000	1,0000	2,0000	0,0000	2,0000	0,0000	0,0000	0,0000	0,0000	0,0000
2450,8900	0,0000	0,0000	0,0000	0,0000	2,0000	0,0000	2,0000	0,0000	0,0000	0,0000	0,0000	0,0000
2452,0140	0,0000	0,0000	0,0000	2,0000	2,0000	0,0000	2,0000	0,0000	0,0000	0,0000	0,0000	0,0000
2453,1300	0,0000	0,0000	0,0000	0,0000	2,0000	0,0000	2,0000	0,0000	0,0000	0,0000	0,0000	0,0000
2454,2810	0,0000	0,0000	1,0000	4,0000	2,0000	0,0000	2,0000	0,0000	0,0000	0,0000	0,0000	0,0000
2455,5110	0,0000	0,0000	0,0000	1,0000	2,0000	0,0000	2,0000	0,0000	0,0000	0,0000	0,0000	0,0000
2456,6910	0,0000	0,0000	0,0000	1,0000	2,0000	0,0000	2,0000	0,0000	0,0000	0,0000	0,0000	0,0000
2457,8010	0,0000	0,0000	0,0000	4,0000	2,0000	0,0000	2,0000	0,0000	0,0000	0,0000	0,0000	0,0000
2458,9210	0,0000	0,0000	0,0000	0,0000	2,0000	0,0000	2,0000	0,0000	0,0000	0,0000	0,0000	0,0000
2460,0400	0,0000	0,0000	0,0000	2,0000	2,0000	0,0000	2,0000	0,0000	0,0000	0,0000	0,0000	0,0000
2461,1510	0,0000	0,0000	0,0000	0,0000	2,0000	0,0000	2,0000	0,0000	0,0000	0,0000	0,0000	0,0000
2462,3110	0,0000	0,0000	0,0000	2,0000	2,0000	0,0000	2,0000	0,0000	0,0000	0,0000	0,0000	0,0000
2463,4910	0,0000	0,0000	0,0000	0,0000	2,0000	0,0000	2,0000	0,0000	0,0000	0,0000	0,0000	0,0000
2464,6710	0,0000	0,0000	0,0000	2,0000	2,0000	0,0000	2,0000	0,0000	0,0000	0,0000	0,0000	0,0000
2465,8410	0,0000	0,0000	0,0000	0,0000	2,0000	0,0000	2,0000	0,0000	0,0000	0,0000	0,0000	0,0000
2466,9610	0,0000	0,0000	0,0000	3,0000	2,0000	0,0000	2,0000	0,0000	0,0000	0,0000	0,0000	0,0000
2468,0800	0,0000	0,0000	0,0000	4,0000	2,0000	0,0000	2,0000	0,0000	1,0000	1,0000	0,0000	1,0000
2469,2320	0,0000	0,0000	0,0000	1,0000	2,0000	0,0000	2,0000	0,0000	0,0000	0,0000	0,0000	0,0000
2470,3410	0,0000	0,0000	0,0000	1,0000	2,0000	0,0000	2,0000	0,0000	0,0000	0,0000	0,0000	0,0000
2471,4810	0,0000	0,0000	0,0000	0,0000	2,0000	0,0000	2,0000	0,0000	0,0000	0,0000	0,0000	0,0000
2472,5910	0,0000	0,0000	0,0000	0,0000	2,0000	0,0000	2,0000	0,0000	0,0000	0,0000	0,0000	0,0000
2473,7010	0,0000	0,0000	0,0000	1,0000	2,0000	0,0000	2,0000	0,0000	0,0000	0,0000	0,0000	0,0000
2474,8250	0,0000	0,0000	0,0000	1,0000	2,0000	0,0000	2,0000	0,0000	0,0000	0,0000	0,0000	0,0000
2475,9300	0,0000	0,0000	0,0000	1,0000	2,0000	0,0000	2,0000	0,0000	0,0000	0,0000	0,0000	0,0000
2477,0910	0,0000	0,0000	0,0000	2,0000	2,0000	0,0000	2,0000	0,0000	0,0000	0,0000	0,0000	0,0000
2478,3010	0,0000	0,0000	0,0000	5,0000	2,0000	0,0000	2,0000	0,0000	0,0000	0,0000	0,0000	0,0000
2479,4610	0,0000	0,0000	0,0000	0,0000	2,0000	0,0000	2,0000	0,0000	0,0000	0,0000	0,0000	0,0000
2480,5910	0,0000	0,0000	0,0000	1,0000	2,0000	0,0000	2,0000	0,0000	0,0000	0,0000	0,0000	0,0000
2481,7110	0,0000	0,0000	0,0000	1,0000	2,0000	0,0000	2,0000	0,0000	0,0000	0,0000	0,0000	0,0000
2482,8270	0,0000	0,0000	0,0000	1,0000	2,0000	0,0000	2,0000	0,0000	0,0000	0,0000	0,0000	0,0000
2483,9310	0,0000	0,0000	0,0000	0,0000	2,0000	0,0000	2,0000	0,0000	0,0000	0,0000	0,0000	0,0000
2485,1010	0,0000	0,0000	0,0000	1,0000	2,0000	0,0000	2,0000	0,0000	0,0000	0,0000	0,0000	0,0000
2486,3100	0,0000	0,0000	0,0000	3,0000	2,0000	0,0000	2,0000	0,0000	0,0000	0,0000	0,0000	0,0000
2487,4800	0,0000	0,0000	0,0000	0,0000	2,0000	0,0000	2,0000	0,0000	0,0000	0,0000	0,0000	0,0000
2488,6610	0,0000	0,0000	0,0000	1,0000	2,0000	0,0000	2,0000	0,0000	0,0000	0,0000	0,0000	0,0000
2489,7910	0,0000	0,0000	0,0000	0,0000	2,0000	0,0000	2,0000	0,0000	0,0000	0,0000	0,0000	0,0000
2490,9110	0,0000	0,0000	0,0000	0,0000	2,0000	0,0000	2,0000	0,0000	0,0000	0,0000	0,0000	0,0000
2492,0240	0,0000	0,0000	0,0000	0,0000	2,0000	0,0000	2,0000	0,0000	0,0000	0,0000	0,0000	0,0000
2493,1310	0,0000	0,0000	1,0000	3,0000	2,0000	0,0000	2,0000	0,0000	0,0000	0,0000	0,0000	0,0000
2494,3010	0,0000	0,0000	0,0000	1,0000	2,0000	0,0000	2,0000	0,0000	0,0000	0,0000	0,0000	0,0000
2495,4900	0,0000	0,0000	0,0000	1,0000	2,0000	0,0000	2,0000	0,0000	1,0000	1,0000	0,0000	1,0000
2496,7210	0,0000	0,0000	0,0000	0,0000	2,0000	0,0000	2,0000	0,0000	0,0000	0,0000	0,0000	0,0000
2497,8910	0,0000	0,0000	0,0000	0,0000	2,0000	0,0000	2,0000	0,0000	0,0000	0,0000	0,0000	0,0000
2499,0810	0,0000	0,0000	0,0000	1,0000	2,0000	0,0000	2,0000	0,0000	0,0000	0,0000	0,0000	0,0000
2500,2910	0,0000	0,0000	1,0000	0,0000	2,0000	0,0000	2,0000	0,0000	0,0000	0,0000	0,0000	0,0000
2501,5600	0,0000	0,0000	0,0000	0,0000	2,0000	0,0000	2,0000	0,0000	0,0000	0,0000	0,0000	0,0000
2502,6910	0,0000	0,0000	0,0000	2,0000	2,0000	0,0000	2,0000	0,0000	0,0000	0,0000	0,0000	0,0000
2503,9000	0,0000	0,0000	0,0000	2,0000	2,0000	0,0000	2,0000	0,0000	0,0000	0,0000	0,0000	0,0000
2505,0710	0,0000	0,0000	0,0000	0,0000	2,0000	0,0000	2,0000	0,0000	0,0000	0,0000	0,0000	0,0000
2506,2600	0,0000	0,0000	0,0000	0,0000	2,0000	0,0000	2,0000	0,0000	0,0000	0,0000	0,0000	0,0000
2507,4270	0,0000	0,0000	0,0000	0,0000	2,0000	0,0000	2,0000	0,0000	0,0000	0,0000	0,0000	0,0000
2508,5420	0,0000	0,0000	0,0000	0,0000	2,0000	0,0000	2,0000	0,0000	0,0000	0,0000	0,0000	0,0000
2509,6800	0,0000	0,0000	0,0000	0,0000	2,0000	0,0000	2,0000	0,0000	0,0000	0,0000	0,0000	0,0000
2510,9110	0,0000	0,0000	0,0000	0,0000	2,0000	0,0000	2,0000	0,0000	0,0000	0,0000	0,0000	0,0000
2512,0910	0,0000	0,0000	0,0000	1,0000	2,0000	0,0000	2,0000	0,0000	0,0000	0,0000	0,0000	0,0000
2513,3210	0,0000	0,0000	0,0000	0,0000	2,0000	0,0000	2,0000	0,0000	0,0000	0,0000	0,0000	0,0000
2514,5210	0,0000	0,0000	0,0000	1,0000	2,0000	0,0000	2,0000	0,0000	0,0000	0,0000	0,0000	0,0000
2515,7110	0,0000	0,0000	0,0000	0,0000	2,0000	0,0000	2,0000	0,0000	0,0000	0,0000	0,0000	0,0000
2516,8910	0,0000	0,0000	0,0000	0,0000	2,0000	0,0000	2,0000	0,0000	0,0000	0,0000	0,0000	0,0000
2518,0910	0,0000	0,0000	0,0000	1,0000	2,0000	0,0000	2,0000	0,0000	0,0000	0,0000	0,0000	0,0000
2519,3110	0,0000	0,0000	0,0000	2,0000	2,0000	0,0000	2,0000	0,0000	0,0000	0,0000	0,0000	0,0000
2520,5010	0,0000	0,0000	1,0000	0,0000	2,0000	0,0000	2,0000	0,0000	0,0000	0,0000	0,0000	0,0000
2521,6810	0,0000	0,0000	0,0000	2,0000	2,0000	0,0000	2,0000	0,0000	0,0000	0,0000	0,0000	0,0000
2522,9010	0,0000	0,0000	0,0000	1,0000	2,0000	0,0000	2,0000	0,0000	0,0000	0,0000	0,0000	0,0000
2524,0910	0,0000	0,0000	0,0000	1,0000	2,0000	0,0000	2,0000	0,0000	0,0000	0,0000	0,0000	0,0000
2525,2810	0,0000	0,0000	0,0000	2,0000	2,0000	0,0000	2,0000	0,0000	0,0000	0,0000	0,0000	0,0000
2526,5010	0,0000	0,0000	0,0000	0,0000	2,0000	0,0000	2,0000	0,0000	0,0000	0,0000	0,0000	0,0000
2527,7220	0,0000	0,0000	0,0000	1,0000	2,0000	0,0000	2,0000	0,0000	0,0000	0,0000	0,0000	0,0000
2528,9110	0,0000	0,0000	0,0000	1,0000	2,0000	0,0000	2,0000	0,0000	0,0000	0,0000	0,0000	0,0000
2530,0810	0,0000	0,0000	0,0000	0,0000	2,0000	0,0000	2,0000	0,0000	0,0000	0,0000	0,0000	0,0000
2531,2810	0,0000	0,0000	0,0000	0,0000	2,0000	0,0000	2,0000	0,0000	0,0000	0,0000	0,0000	0,0000
2532,3900	0,0000	0,0000	0,0000	0,0000	2,0000	0,0000	2,0000	0,0000	0,0000	0,0000	0,0000	0,0000
2533,5000	0,0000	0,0000	1,0000	2,0000	2,0000	0,0000	2,0000	0,0000	0,0000	0,0000	0,0000	0,0000
2534,6290	0,0000	0,0000	1,0000	1,0000	2,0000	0,0000	2,0000	0,0000	0,0000	0,0000	0,0000	0,0000
2535,7410	0,0000	0,0000	0,0000	1,0000	2,0000	0,0000	2,0000	0,0000	0,0000	0,0000	0,0000	0,0000
2536,9210	0,0000	0,0000	0,0000	0,0000	2,0000	0,0000	2,0000	0,0000	0,0000	0,0000	0,0000	0,0000
2538,1210	0,0000	0,0000	0,0000	1,0000	2,0000	0,0000	2,0000	0,0000	0,0000	0,0000	0,0000	0,0000
2539,3010	0,0000	0,0000	0,0000	1,0000	2,0000	0,0000	2,0000	0,0000	0,0000	0,0000	0,0000	0,0000
2540,4810	0,0000	0,0000	0,0000	0,0000	2,0000	0,0000	2,0000	0,0000	0,0000	0,0000	0,0000	0,0000
2541,8360	0,0000	0,0000	0,0000	2,0000	2,0000	0,0000	2,0000	0,0000	1,0000	1,0000	0,0000	1,0000
2542,9510	0,0000	0,0000	0,0000	1,0000	2,0000	0,0000	2,0000	0,0000	0,0000	0,0000	0,0000	0,0000
2544,1210	0,0000	0,0000	0,0000	0,0000	2,0000	0,0000	2,0000	0,0000	0,0000	0,0000	0,0000	0,0000
2545,3010	0,0000	0,0000	0,0000	2,0000	2,0000	0,0000	2,0000	0,0000	0,0000	0,0000	0,0000	0,0000
2546,5210	0,0000	0,0000	0,0000	2,0000	2,0000	0,0000	2,0000	0,0000	0,0000	0,0000	0,0000	0,0000
2547,7010	0,0000	0,0000	0,0000	0,0000	2,0000	0,0000	2,0000	0,0000	0,0000	0,0000	0,0000	0,0000
2548,8810	0,0000	0,0000	0,0000	1,0000	2,0000	0,0000	2,0000	0,0000	1,0000	1,0000	0,0000	1,0000
2550,1410	0,0000	0,0000	0,0000	1,0000	2,0000	0,0000	2,0000	0,0000	0,0000	0,0000	0,0000	0,0000
2551,3010	0,0000	0,0000	0,0000	0,0000	2,0000	0,0000	2,0000	0,0000	0,0000	0,0000	0,0000	0,0000
2552,5210	0,0000	0,0000	0,0000	1,0000	2,0000	0,0000	2,0000	0,0000	0,0000	0,0000	0,0000	0,0000
2553,7010	0,0000	0,0000	1,0000	0,0000	2,0000	0,0000	2,0000	0,0000	0,0000	0,0000	0,0000	0,0000
2554,9010	0,0000	0,0000	0,0000	1,0000	2,0000	0,0000	2,0000	0,0000	0,0000	0,0000	0,0000	0,0000
2556,1210	0,0000	0,0000	0,0000	0,0000	2,0000	0,0000	2,0000	0,0000	0,0000	0,0000	0,0000	0,0000
2557,3210	0,0000	0,0000	0,0000	1,0000	2,0000	0,0000	2,0000	0,0000	0,0000	0,0000	0,0000	0,0000
2558,5210	0,0000	0,0000	0,0000	0,0000	2,0000	0,0000	2,0000	0,0000	0,0000	0,0000	0,0000	0,0000
2559,7010	0,0000	0,0000	0,0000	0,0000	2,0000	0,0000	2,0000	0,0000	0,0000	0,0000	0,0000	0,0000
2560,8910	0,0000	0,0000	0,0000	1,0000	2,0000	0,0000	2,0000	0,0000	0,0000	0,0000	0,0000	0,0000
2562,2630	0,0000	0,0000	0,0000	0,0000	2,0000	0,0000	2,0000	0,0000	0,0000	0,0000	0,0000	0,0000
2563,4530	0,0000	0,0000	0,0000	1,0000	2,0000	0,0000	2,0000	0,0000	0,0000	1,0000	0,0000	0,0000
2564,6390	0,0000	0,0000	0,0000	0,0000	2,0000	0,0000	2,0000	0,0000	0,0000	0,0000	0,0000	0,0000
2565,7510	0,0000	0,0000	0,0000	1,0000	2,0000	0,0000	2,0000	0,0000	0,0000	0,0000	0,0000	0,0000
2566,9310	0,0000	0,0000	0,0000	0,0000	2,0000	0,0000	2,0000	0,0000	0,0000	0,0000	0,0000	0,0000
2568,1110	0,0000	0,0000	0,0000	0,0000	2,0000	0,0000	2,0000	0,0000	0,0000	0,0000	0,0000	0,0000
2569,3010	0,0000	0,0000	0,0000	0,0000	2,0000	0,0000	2,0000	0,0000	0,0000	0,0000	0,0000	0,0000
2570,4910	0,0000	0,0000	0,0000	3,0000	2,0000	0,0000	2,0000	0,0000	0,0000	0,0000	0,0000	0,0000
2571,7000	0,0000	0,0000	0,0000	2,0000	2,0000	0,0000	2,0000	0,0000	0,0000	0,0000	0,0000	0,0000
2572,8810	0,0000	0,0000	0,0000	0,0000	2,0000	0,0000	2,0000	0,0000	0,0000	0,0000	0,0000	0,0000
2573,9910	0,0000	0,0000	0,0000	1,0000	2,0000	0,0000	2,0000	0,0000	0,0000	0,0000	0,0000	0,0000
2575,1010	0,0000	0,0000	0,0000	1,0000	2,0000	0,0000	2,0000	0,0000	0,0000	0,0000	0,0000	0,0000
2576,2600	0,0000	0,0000	0,0000	1,0000	2,0000	0,0000	2,0000	0,0000	0,0000	0,0000	0,0000	0,0000
2577,3720	0,0000	0,0000	0,0000	0,0000	2,0000	0,0000	2,0000	0,0000	0,0000	0,0000	0,0000	0,0000
2578,5310	0,0000	0,0000	0,0000	1,0000	2,0000	0,0000	2,0000	0,0000	0,0000	0,0000	0,0000	0,0000
2579,7000	0,0000	0,0000	0,0000	0,0000	2,0000	0,0000	2,0000	0,0000	0,0000	0,0000	0,0000	0,0000
2580,8810	0,0000	0,0000	0,0000	1,0000	2,0000	0,0000	2,0000	0,0000	0,0000	0,0000	0,0000	0,0000
2582,2520	0,0000	0,0000	0,0000	1,0000	2,0000	0,0000	2,0000	0,0000	0,0000	0,0000	0,0000	0,0000
2583,3610	0,0000	0,0000	0,0000	1,0000	2,0000	0,0000	2,0000	0,0000	0,0000	0,0000	0,0000	0,0000
2584,5010	0,0000	0,0000	0,0000	0,0000	2,0000	0,0000	2,0000	0,0000	0,0000	0,0000	0,0000	0,0000
2585,6910	0,0000	0,0000	0,0000	1,0000	2,0000	0,0000	2,0000	0,0000	0,0000	0,0000	0,0000	0,0000
2586,8810	0,0000	0,0000	0,0000	0,0000	2,0000	0,0000	2,0000	0,0000	0,0000	0,0000	0,0000	0,0000
2588,0910	0,0000	0,0000	1,0000	1,0000	2,0000	0,0000	2,0000	0,0000	0,0000	0,0000	0,0000	0,0000
2589,3510	0,0000	0,0000	0,0000	1,0000	2,0000	0,0000	2,0000	0,0000	0,0000	0,0000	0,0000	0,0000
2590,5010	0,0000	0,0000	0,0000	1,0000	2,0000	0,0000	2,0000	0,0000	0,0000	0,0000	0,0000	0,0000
2591,6810	0,0000	0,0000	0,0000	2,0000	2,0000	0,0000	2,0000	0,0000	0,0000	0,0000	0,0000	0,0000
2592,8910	0,0000	0,0000	0,0000	0,0000	2,0000	0,0000	2,0000	0,0000	0,0000	0,0000	0,0000	0,0000
2594,1410	0,0000	0,0000	0,0000	1,0000	2,0000	0,0000	2,0000	0,0000	0,0000	0,0000	0,0000	0,0000
2595,3210	0,0000	0,0000	0,0000	0,0000	2,0000	0,0000	2,0000	0,0000	0,0000	0,0000	0,0000	0,0000
2596,5110	0,0000	0,0000	0,0000	0,0000	2,0000	0,0000	2,0000	0,0000	0,0000	0,0000	0,0000	0,0000
2597,7210	0,0000	0,0000	0,0000	1,0000	2,0000	0,0000	2,0000	0,0000	0,0000	0,0000	0,0000	0,0000
2598,9110	0,0000	0,0000	0,0000	0,0000	2,0000	0,0000	2,0000	0,0000	0,0000	0,0000	0,0000	0,0000
2600,1210	0,0000	0,0000	0,0000	1,0000	2,0000	0,0000	2,0000	0,0000	0,0000	0,0000	0,0000	0,0000
2601,3210	0,0000	0,0000	0,0000	0,0000	2,0000	0,0000	2,0000	0,0000	0,0000	0,0000	0,0000	0,0000
2602,5110	0,0000	0,0000	0,0000	0,0000	2,0000	0,0000	2,0000	0,0000	0,0000	0,0000	0,0000	0,0000
2603,6910	0,0000	0,0000	0,0000	0,0000	2,0000	0,0000	2,0000	0,0000	0,0000	0,0000	0,0000	0,0000
2604,9310	0,0000	0,0000	0,0000	0,0000	2,0000	0,0000	2,0000	0,0000	0,0000	0,0000	0,0000	0,0000
2606,1110	0,0000	0,0000	0,0000	1,0000	2,0000	0,0000	2,0000	0,0000	0,0000	0,0000	0,0000	0,0000
2607,3310	0,0000	0,0000	0,0000	0,0000	2,0000	0,0000	2,0000	0,0000	0,0000	0,0000	0,0000	0,0000
2608,5200	0,0000	0,0000	0,0000	0,0000	2,0000	0,0000	2,0000	0,0000	0,0000	0,0000	0,0000	0,0000
2609,6530	0,0000	0,0000	0,0000	0,0000	2,0000	0,0000	2,0000	0,0000	0,0000	0,0000	0,0000	0,0000
2610,7610	0,0000	0,0000	0,0000	0,0000	2,0000	0,0000	2,0000	0,0000	0,0000	0,0000	0,0000	0,0000
2611,9310	0,0000	0,0000	0,0000	2,0000	2,0000	0,0000	2,0000	0,0000	1,0000	1,0000	0,0000	1,0000
2613,1110	0,0000	0,0000	0,0000	1,0000	2,0000	0,0000	2,0000	0,0000	0,0000	0,0000	0,0000	0,0000
2614,3310	0,0000	0,0000	0,0000	0,0000	2,0000	0,0000	2,0000	0,0000	0,0000	0,0000	0,0000	0,0000
2615,5310	0,0000	0,0000	0,0000	0,0000	2,0000	0,0000	2,0000	0,0000	0,0000	0,0000	0,0000	0,0000
2616,7110	0,0000	0,0000	0,0000	3,0000	2,0000	0,0000	2,0000	0,0000	0,0000	0,0000	0,0000	0,0000
2617,9110	0,0000	0,0000	0,0000	2,0000	2,0000	0,0000	2,0000	0,0000	0,0000	1,0000	0,0000	0,0000
2619,1310	0,0000	0,0000	0,0000	0,0000	2,0000	0,0000	2,0000	0,0000	0,0000	0,0000	0,0000	0,0000
2620,3410	0,0000	0,0000	1,0000	0,0000	2,0000	0,0000	2,0000	0,0000	0,0000	0,0000	0,0000	0,0000
2621,5110	0,0000	0,0000	0,0000	0,0000	2,0000	0,0000	2,0000	0,0000	0,0000	0,0000	0,0000	0,0000
2622,7110	0,0000	0,0000	0,0000	2,0000	2,0000	0,0000	2,0000	0,0000	1,0000	1,0000	0,0000	1,0000
2623,9310	0,0000	0,0000	1,0000	2,0000	2,0000	0,0000	2,0000	0,0000	0,0000	0,0000	0,0000	0,0000
2625,1110	0,0000	0,0000	0,0000	1,0000	2,0000	0,0000	2,0000	0,0000	0,0000	0,0000	0,0000	0,0000
2626,3410	0,0000	0,0000	0,0000	0,0000	2,0000	0,0000	2,0000	0,0000	0,0000	0,0000	0,0000	0,0000
2627,5210	0,0000	0,0000	0,0000	2,0000	2,0000	0,0000	2,0000	0,0000	0,0000	1,0000	0,0000	0,0000
2628,7210	0,0000	0,0000	0,0000	0,0000	2,0000	0,0000	2,0000	0,0000	0,0000	0,0000	0,0000	0,0000
2629,9010	0,0000	0,0000	0,0000	0,0000	2,0000	0,0000	2,0000	0,0000	0,0000	0,0000	0,0000	0,0000
2631,0910	0,0000	0,0000	0,0000	2,0000	2,0000	0,0000	2,0000	0,0000	0,0000	0,0000	0,0000	0,0000
2632,4520	0,0000	0,0000	0,0000	2,0000	2,0000	0,0000	2,0000	0,0000	0,0000	0,0000	0,0000	0,0000
2633,5600	0,0000	0,0000	0,0000	0,0000	2,0000	0,0000	2,0000	0,0000	0,0000	0,0000	0,0000	0,0000
2634,7210	0,0000	0,0000	0,0000	0,0000	2,0000	0,0000	2,0000	0,0000	0,0000	0,0000	0,0000	0,0000
2635,9100	0,0000	0,0000	0,0000	2,0000	2,0000	0,0000	2,0000	0,0000	0,0000	0,0000	0,0000	0,0000
2637,1210	0,0000	0,0000	0,0000	0,0000	2,0000	0,0000	2,0000	0,0000	0,0000	0,0000	0,0000	0,0000
2638,3410	0,0000	0,0000	0,0000	0,0000	2,0000	0,0000	2,0000	0,0000	0,0000	0,0000	0,0000	0,0000
2639,5110	0,0000	0,0000	1,0000	0,0000	2,0000	0,0000	2,0000	0,0000	0,0000	0,0000	0,0000	0,0000
2640,7110	0,0000	0,0000	0,0000	0,0000	2,0000	0,0000	2,0000	0,0000	0,0000	0,0000	0,0000	0,0000
2641,8480	0,0000	0,0000	0,0000	0,0000	2,0000	0,0000	2,0000	0,0000	0,0000	0,0000	0,0000	0,0000
2642,9810	0,0000	0,0000	0,0000	2,0000	2,0000	0,0000	2,0000	0,0000	0,0000	0,0000	0,0000	0,0000
2644,1310	0,0000	0,0000	1,0000	2,0000	2,0000	0,0000	2,0000	0,0000	1,0000	1,0000	0,0000	1,0000
2645,3310	0,0000	0,0000	0,0000	0,0000	2,0000	0,0000	2,0000	0,0000	0,0000	0,0000	0,0000	0,0000
2646,5110	0,0000	0,0000	0,0000	0,0000	2,0000	0,0000	2,0000	0,0000	0,0000	0,0000	0,0000	0,0000
2647,7110	0,0000	0,0000	0,0000	0,0000	2,0000	0,0000	2,0000	0,0000	0,0000	0,0000	0,0000	0,0000
2648,8910	0,0000	0,0000	0,0000	0,0000	2,0000	0,0000	2,0000	0,0000	0,0000	0,0000	0,0000	0,0000
2650,1210	0,0000	0,0000	0,0000	0,0000	2,0000	0,0000	2,0000	0,0000	0,0000	0,0000	0,0000	0,0000
2651,3110	0,0000	0,0000	0,0000	0,0000	2,0000	0,0000	2,0000	0,0000	0,0000	0,0000	0,0000	0,0000
2652,5110	0,0000	0,0000	0,0000	0,0000	2,0000	0,0000	2,0000	0,0000	0,0000	0,0000	0,0000	0,0000
2653,7310	0,0000	0,0000	0,0000	0,0000	2,0000	0,0000	2,0000	0,0000	0,0000	0,0000	0,0000	0,0000
2654,9310	0,0000	0,0000	0,0000	2,0000	2,0000	0,0000	2,0000	0,0000	0,0000	0,0000	0,0000	0,0000
2656,1110	0,0000	0,0000	0,0000	0,0000	2,0000	0,0000	2,0000	0,0000	0,0000	0,0000	0,0000	0,0000
2657,3100	0,0000	0,0000	0,0000	1,0000	2,0000	0,0000	2,0000	0,0000	0,0000	0,0000	0,0000	0,0000
2658,5210	0,0000	0,0000	0,0000	1,0000	2,0000	0,0000	2,0000	0,0000	0,0000	0,0000	0,0000	0,0000
2659,7110	0,0000	0,0000	0,0000	0,0000	2,0000	0,0000	2,0000	0,0000	0,0000	0,0000	0,0000	0,0000
2660,9410	0,0000	0,0000	0,0000	0,0000	2,0000	0,0000	2,0000	0,0000	0,0000	0,0000	0,0000	0,0000
2662,1110	0,0000	0,0000	0,0000	3,0000	2,0000	0,0000	2,0000	0,0000	0,0000	0,0000	0,0000	0,0000
2663,3210	0,0000	0,0000	0,0000	1,0000	2,0000	0,0000	2,0000	0,0000	0,0000	0,0000	0,0000	0,0000
2664,5110	0,0000	0,0000	0,0000	2,0000	2,0000	0,0000	2,0000	0,0000	0,0000	0,0000	0,0000	0,0000
2665,7110	0,0000	0,0000	0,0000	0,0000	2,0000	0,0000	2,0000	0,0000	0,0000	0,0000	0,0000	0,0000
2666,9410	0,0000	0,0000	0,0000	1,0000	2,0000	0,0000	2,0000	0,0000	0,0000	0,0000	0,0000	0,0000
2668,1310	0,0000	0,0000	0,0000	1,0000	2,0000	0,0000	2,0000	0,0000	0,0000	0,0000	0,0000	0,0000
2669,3110	0,0000	0,0000	0,0000	1,0000	2,0000	0,0000	2,0000	0,0000	0,0000	0,0000	0,0000	0,0000
2670,5310	0,0000	0,0000	0,0000	2,0000	2,0000	0,0000	2,0000	0,0000	0,0000	1,0000	0,0000	0,0000
2671,7310	0,0000	0,0000	0,0000	1,0000	2,0000	0,0000	2,0000	0,0000	0,0000	0,0000	0,0000	0,0000
2672,9410	0,0000	0,0000	0,0000	2,0000	2,0000	0,0000	2,0000	0,0000	0,0000	0,0000	0,0000	0,0000
2674,1120	0,0000	0,0000	0,0000	0,0000	2,0000	0,0000	2,0000	0,0000	0,0000	0,0000	0,0000	0,0000
2675,3110	0,0000	0,0000	0,0000	0,0000	2,0000	0,0000	2,0000	0,0000	0,0000	0,0000	0,0000	0,0000
2676,5110	0,0000	0,0000	1,0000	1,0000	2,0000	0,0000	2,0000	0,0000	0,0000	0,0000	0,0000	0,0000
2677,7110	0,0000	0,0000	0,0000	1,0000	2,0000	0,0000	2,0000	0,0000	0,0000	0,0000	0,0000	0,0000
2678,9110	0,0000	0,0000	1,0000	3,0000	2,0000	0,0000	2,0000	0,0000	0,0000	0,0000	0,0000	0,0000
2680,1400	0,0000	0,0000	0,0000	1,0000	2,0000	0,0000	2,0000	0,0000	0,0000	0,0000	0,0000	0,0000
2681,3110	0,0000	0,0000	0,0000	1,0000	2,0000	0,0000	2,0000	0,0000	0,0000	0,0000	0,0000	0,0000
2682,5310	0,0000	0,0000	0,0000	0,0000	2,0000	0,0000	2,0000	0,0000	0,0000	0,0000	0,0000	0,0000
2683,7100	0,0000	0,0000	0,0000	0,0000	2,0000	0,0000	2,0000	0,0000	0,0000	0,0000	0,0000	0,0000
2684,9210	0,0000	0,0000	0,0000	1,0000	2,0000	0,0000	2,0000	0,0000	0,0000	0,0000	0,0000	0,0000
2686,1410	0,0000	0,0000	0,0000	0,0000	2,0000	0,0000	2,0000	0,0000	0,0000	0,0000	0,0000	0,0000
2687,3310	0,0000	0,0000	0,0000	0,0000	2,0000	0,0000	2,0000	0,0000	0,0000	0,0000	0,0000	0,0000
2688,5200	0,0000	0,0000	0,0000	0,0000	2,0000	0,0000	2,0000	0,0000	0,0000	0,0000	0,0000	0,0000
2689,7110	0,0000	0,0000	0,0000	1,0000	2,0000	0,0000	2,0000	0,0000	0,0000	0,0000	0,0000	0,0000
2690,9410	0,0000	0,0000	0,0000	1,0000	2,0000	0,0000	2,0000	0,0000	0,0000	1,0000	0,0000	0,0000
2692,1310	0,0000	0,0000	0,0000	0,0000	2,0000	0,0000	2,0000	0,0000	0,0000	0,0000	0,0000	0,0000
2693,3100	0,0000	0,0000	0,0000	1,0000	2,0000	0,0000	2,0000	0,0000	0,0000	0,0000	0,0000	0,0000
2694,5410	0,0000	0,0000	0,0000	2,0000	2,0000	0,0000	2,0000	0,0000	0,0000	0,0000	0,0000	0,0000
2695,7210	0,0000	0,0000	0,0000	1,0000	2,0000	0,0000	2,0000	0,0000	0,0000	0,0000	0,0000	0,0000
2696,9210	0,0000	0,0000	0,0000	0,0000	2,0000	0,0000	2,0000	0,0000	0,0000	0,0000	0,0000	0,0000
2698,1310	0,0000	0,0000	0,0000	0,0000	2,0000	0,0000	2,0000	0,0000	0,0000	0,0000	0,0000	0,0000
2699,3410	0,0000	0,0000	0,0000	0,0000	2,0000	0,0000	2,0000	0,0000	0,0000	0,0000	0,0000	0,0000
2700,5310	0,0000	0,0000	0,0000	1,0000	2,0000	0,0000	2,0000	0,0000	0,0000	0,0000	0,0000	0,0000
2701,7210	0,0000	0,0000	0,0000	2,0000	2,0000	0,0000	2,0000	0,0000	0,0000	0,0000	0,0000	0,0000
2702,9200	0,0000	0,0000	0,0000	0,0000	2,0000	0,0000	2,0000	0,0000	0,0000	0,0000	0,0000	0,0000
2704,1210	0,0000	0,0000	0,0000	0,0000	2,0000	0,0000	2,0000	0,0000	0,0000	0,0000	0,0000	0,0000
2705,3410	0,0000	0,0000	0,0000	0,0000	2,0000	0,0000	2,0000	0,0000	0,0000	0,0000	0,0000	0,0000
2706,5310	0,0000	0,0000	0,0000	1,0000	2,0000	0,0000	2,0000	0,0000	0,0000	0,0000	0,0000	0,0000
2707,7210	0,0000	0,0000	0,0000	2,0000	2,0000	0,0000	2,0000	0,0000	0,0000	0,0000	0,0000	0,0000
2708,9410	0,0000	0,0000	1,0000	2,0000	2,0000	0,0000	2,0000	0,0000	0,0000	0,0000	0,0000	0,0000
2710,1110	0,0000	0,0000	0,0000	2,0000	2,0000	0,0000	2,0000	0,0000	0,0000	0,0000	0,0000	0,0000
2711,3110	0,0000	0,0000	0,0000	1,0000	2,0000	0,0000	2,0000	0,0000	0,0000	0,0000	0,0000	0,0000
2712,5210	0,0000	0,0000	0,0000	0,0000	2,0000	0,0000	2,0000	0,0000	0,0000	0,0000	0,0000	0,0000
2713,7210	0,0000	0,0000	0,0000	0,0000	2,0000	0,0000	2,0000	0,0000	0,0000	0,0000	0,0000	0,0000
2714,9210	0,0000	0,0000	0,0000	1,0000	2,0000	0,0000	2,0000	0,0000	0,0000	0,0000	0,0000	0,0000
2716,0570	0,0000	0,0000	0,0000	1,0000	2,0000	0,0000	2,0000	0,0000	0,0000	0,0000	0,0000	0,0000
2717,1600	0,0000	0,0000	0,0000	0,0000	2,0000	0,0000	2,0000	0,0000	0,0000	0,0000	0,0000	0,0000
2718,3410	0,0000	0,0000	0,0000	1,0000	2,0000	0,0000	2,0000	0,0000	0,0000	0,0000	0,0000	0,0000
2719,5210	0,0000	0,0000	0,0000	0,0000	2,0000	0,0000	2,0000	0,0000	0,0000	0,0000	0,0000	0,0000
2720,7510	0,0000	0,0000	0,0000	1,0000	2,0000	0,0000	2,0000	0,0000	0,0000	0,0000	0,0000	0,0000
2721,9200	0,0000	0,0000	0,0000	1,0000	2,0000	0,0000	2,0000	0,0000	1,0000	1,0000	0,0000	1,0000
2723,1310	0,0000	0,0000	0,0000	0,0000	2,0000	0,0000	2,0000	0,0000	0,0000	0,0000	0,0000	0,0000
2724,3210	0,0000	0,0000	0,0000	0,0000	2,0000	0,0000	2,0000	0,0000	0,0000	0,0000	0,0000	0,0000
2725,5210	0,0000	0,0000	0,0000	0,0000	2,0000	0,0000	2,0000	0,0000	0,0000	0,0000	0,0000	0,0000
2726,7410	0,0000	0,0000	0,0000	1,0000	2,0000	0,0000	2,0000	0,0000	0,0000	0,0000	0,0000	0,0000
2727,9310	0,0000	0,0000	0,0000	2,0000	2,0000	0,0000	2,0000	0,0000	0,0000	0,0000	0,0000	0,0000
2729,1410	0,0000	0,0000	0,0000	1,0000	2,0000	0,0000	2,0000	0,0000	0,0000	0,0000	0,0000	0,0000
2730,3210	0,0000	0,0000	0,0000	1,0000	2,0000	0,0000	2,0000	0,0000	0,0000	0,0000	0,0000	0,0000
2731,5310	0,0000	0,0000	0,0000	2,0000	2,0000	0,0000	2,0000	0,0000	0,0000	0,0000	0,0000	0,0000
2732,7210	0,0000	0,0000	1,0000	1,0000	2,0000	0,0000	2,0000	1,0000	0,0000	0,0000	0,0000	1,0000
2733,9210	0,0000	0,0000	0,0000	0,0000	2,0000	0,0000	2,0000	0,0000	0,0000	0,0000	0,0000	0,0000
2735,1310	0,0000	0,0000	0,0000	0,0000	2,0000	0,0000	2,0000	0,0000	0,0000	0,0000	0,0000	0,0000
2736,3210	0,0000	0,0000	0,0000	1,0000	2,0000	0,0000	2,0000	0,0000	0,0000	0,0000	0,0000	0,0000
2737,5610	0,0000	0,0000	0,0000	1,0000	2,0000	0,0000	2,0000	0,0000	0,0000	0,0000	0,0000	0,0000
2738,7310	0,0000	0,0000	0,0000	2,0000	2,0000	0,0000	2,0000	0,0000	0,0000	0,0000	0,0000	0,0000
2739,9310	0,0000	0,0000	0,0000	2,0000	2,0000	0,0000	2,0000	0,0000	0,0000	0,0000	0,0000	0,0000
2741,1220	0,0000	0,0000	0,0000	0,0000	2,0000	0,0000	2,0000	0,0000	0,0000	0,0000	0,0000	0,0000
2742,3510	0,0000	0,0000	0,0000	0,0000	2,0000	0,0000	2,0000	0,0000	0,0000	0,0000	0,0000	0,0000
2743,5510	0,0000	0,0000	0,0000	0,0000	2,0000	0,0000	2,0000	0,0000	0,0000	0,0000	0,0000	0,0000
2744,7500	0,0000	0,0000	0,0000	1,0000	2,0000	0,0000	2,0000	0,0000	0,0000	0,0000	0,0000	0,0000
2745,8980	0,0000	0,0000	0,0000	0,0000	2,0000	0,0000	2,0000	0,0000	0,0000	0,0000	0,0000	0,0000
2747,0740	0,0000	0,0000	0,0000	1,0000	2,0000	0,0000	2,0000	0,0000	0,0000	0,0000	0,0000	0,0000
2748,2920	0,0000	0,0000	0,0000	0,0000	2,0000	0,0000	2,0000	0,0000	0,0000	0,0000	0,0000	0,0000
2749,4800	0,0000	0,0000	0,0000	0,0000	2,0000	0,0000	2,0000	0,0000	0,0000	0,0000	0,0000	0,0000
2750,6720	0,0000	0,0000	0,0000	3,0000	2,0000	0,0000	2,0000	0,0000	0,0000	0,0000	0,0000	0,0000
2751,8920	0,0000	0,0000	0,0000	1,0000	2,0000	0,0000	2,0000	0,0000	0,0000	0,0000	0,0000	0,0000
2753,0760	0,0000	0,0000	0,0000	0,0000	2,0000	0,0000	2,0000	0,0000	0,0000	0,0000	0,0000	0,0000
2754,2970	0,0000	0,0000	0,0000	1,0000	2,0000	0,0000	2,0000	0,0000	0,0000	0,0000	0,0000	0,0000
2755,4740	0,0000	0,0000	0,0000	2,0000	2,0000	0,0000	2,0000	0,0000	0,0000	1,0000	0,0000	0,0000
2756,6620	0,0000	0,0000	0,0000	2,0000	2,0000	0,0000	2,0000	0,0000	0,0000	0,0000	0,0000	0,0000
2757,8990	0,0000	0,0000	0,0000	1,0000	2,0000	0,0000	2,0000	0,0000	0,0000	0,0000	0,0000	0,0000
2759,0980	0,0000	0,0000	0,0000	1,0000	2,0000	0,0000	2,0000	0,0000	0,0000	0,0000	0,0000	0,0000
2760,3000	0,0000	0,0000	0,0000	2,0000	2,0000	0,0000	2,0000	0,0000	0,0000	0,0000	0,0000	0,0000
2761,4910	0,0000	0,0000	0,0000	1,0000	2,0000	0,0000	2,0000	0,0000	0,0000	0,0000	0,0000	0,0000
2762,6990	0,0000	0,0000	0,0000	1,0000	2,0000	0,0000	2,0000	0,0000	0,0000	0,0000	0,0000	0,0000
2763,8770	0,0000	0,0000	0,0000	2,0000	2,0000	0,0000	2,0000	0,0000	0,0000	0,0000	0,0000	0,0000
2765,0760	0,0000	0,0000	0,0000	0,0000	2,0000	0,0000	2,0000	0,0000	0,0000	0,0000	0,0000	0,0000
2766,2900	0,0000	0,0000	0,0000	2,0000	2,0000	0,0000	2,0000	0,0000	0,0000	0,0000	0,0000	0,0000
2767,4870	0,0000	0,0000	0,0000	0,0000	2,0000	0,0000	2,0000	0,0000	0,0000	0,0000	0,0000	0,0000
2768,6770	0,0000	0,0000	0,0000	2,0000	2,0000	0,0000	2,0000	0,0000	0,0000	0,0000	0,0000	0,0000
2769,8650	0,0000	0,0000	0,0000	0,0000	2,0000	0,0000	2,0000	0,0000	0,0000	0,0000	0,0000	0,0000
2771,0700	0,0000	0,0000	0,0000	0,0000	2,0000	0,0000	2,0000	0,0000	0,0000	0,0000	0,0000	0,0000
2772,2720	0,0000	0,0000	0,0000	1,0000	2,0000	0,0000	2,0000	0,0000	0,0000	0,0000	0,0000	0,0000
2773,4940	0,0000	0,0000	0,0000	2,0000	2,0000	0,0000	2,0000	0,0000	0,0000	0,0000	0,0000	0,0000
2774,7020	0,0000	0,0000	0,0000	0,0000	2,0000	0,0000	2,0000	0,0000	0,0000	0,0000	0,0000	0,0000
2775,9100	0,0000	0,0000	0,0000	1,0000	2,0000	0,0000	2,0000	0,0000	0,0000	0,0000	0,0000	0,0000
2777,0780	0,0000	0,0000	0,0000	2,0000	2,0000	0,0000	2,0000	0,0000	0,0000	0,0000	0,0000	0,0000
2778,2780	0,0000	0,0000	0,0000	1,0000	2,0000	0,0000	2,0000	0,0000	0,0000	0,0000	0,0000	0,0000
2779,4840	0,0000	0,0000	0,0000	0,0000	2,0000	0,0000	2,0000	0,0000	0,0000	0,0000	0,0000	0,0000
2780,6760	0,0000	0,0000	0,0000	0,0000	2,0000	0,0000	2,0000	0,0000	0,0000	0,0000	0,0000	0,0000
2781,8750	0,0000	0,0000	0,0000	0,0000	2,0000	0,0000	2,0000	0,0000	0,0000	0,0000	0,0000	0,0000
2783,0940	0,0000	0,0000	0,0000	0,0000	2,0000	0,0000	2,0000	0,0000	0,0000	0,0000	0,0000	0,0000
2784,3100	0,0000	0,0000	1,0000	0,0000	2,0000	0,0000	2,0000	0,0000	0,0000	0,0000	0,0000	0,0000
2785,4800	0,0000	0,0000	0,0000	0,0000	2,0000	0,0000	2,0000	0,0000	0,0000	0,0000	0,0000	0,0000
2786,6980	0,0000	0,0000	0,0000	0,0000	2,0000	0,0000	2,0000	0,0000	0,0000	0,0000	0,0000	0,0000
2787,9060	0,0000	0,0000	0,0000	1,0000	2,0000	0,0000	2,0000	0,0000	0,0000	0,0000	0,0000	0,0000
2789,0790	0,0000	0,0000	0,0000	1,0000	2,0000	0,0000	2,0000	0,0000	0,0000	0,0000	0,0000	0,0000
2790,3060	0,0000	0,0000	0,0000	0,0000	2,0000	0,0000	2,0000	0,0000	0,0000	0,0000	0,0000	0,0000
2791,4790	0,0000	0,0000	0,0000	1,0000	2,0000	0,0000	2,0000	0,0000	0,0000	0,0000	0,0000	0,0000
2792,7060	0,0000	0,0000	0,0000	1,0000	2,0000	0,0000	2,0000	0,0000	0,0000	0,0000	0,0000	0,0000
2793,8860	0,0000	0,0000	0,0000	0,0000	2,0000	0,0000	2,0000	0,0000	0,0000	0,0000	0,0000	0,0000
2795,0820	0,0000	0,0000	0,0000	0,0000	2,0000	0,0000	2,0000	0,0000	0,0000	0,0000	0,0000	0,0000
2796,2930	0,0000	0,0000	0,0000	1,0000	2,0000	0,0000	2,0000	0,0000	0,0000	0,0000	0,0000	0,0000
2797,5060	0,0000	0,0000	0,0000	0,0000	2,0000	0,0000	2,0000	0,0000	0,0000	0,0000	0,0000	0,0000
2798,6810	0,0000	0,0000	0,0000	1,0000	2,0000	0,0000	2,0000	0,0000	0,0000	0,0000	0,0000	0,0000
2799,9120	0,0000	0,0000	0,0000	0,0000	2,0000	0,0000	2,0000	0,0000	0,0000	0,0000	0,0000	0,0000
2801,1090	0,0000	0,0000	0,0000	1,0000	2,0000	0,0000	2,0000	0,0000	0,0000	0,0000	0,0000	0,0000
2802,2810	0,0000	0,0000	0,0000	1,0000	2,0000	0,0000	2,0000	0,0000	0,0000	0,0000	0,0000	0,0000
2803,4990	0,0000	0,0000	0,0000	2,0000	2,0000	0,0000	2,0000	0,0000	1,0000	1,0000	0,0000	1,0000
2804,7060	0,0000	0,0000	0,0000	0,0000	2,0000	0,0000	2,0000	0,0000	0,0000	0,0000	0,0000	0,0000
2805,8830	0,0000	0,0000	0,0000	1,0000	2,0000	0,0000	2,0000	0,0000	0,0000	1,0000	0,0000	0,0000
2807,0830	0,0000	0,0000	0,0000	1,0000	2,0000	0,0000	2,0000	0,0000	0,0000	0,0000	0,0000	0,0000
2808,3080	0,0000	0,0000	0,0000	2,0000	2,0000	0,0000	2,0000	0,0000	1,0000	1,0000	0,0000	1,0000
2809,4850	0,0000	0,0000	0,0000	1,0000	2,0000	0,0000	2,0000	0,0000	0,0000	0,0000	0,0000	0,0000
2810,6830	0,0000	0,0000	0,0000	2,0000	2,0000	0,0000	2,0000	0,0000	0,0000	0,0000	0,0000	0,0000
2811,8830	0,0000	0,0000	0,0000	0,0000	2,0000	0,0000	2,0000	0,0000	0,0000	0,0000	0,0000	0,0000
2813,0830	0,0000	0,0000	0,0000	0,0000	2,0000	0,0000	2,0000	0,0000	0,0000	0,0000	0,0000	0,0000
2814,2830	0,0000	0,0000	0,0000	0,0000	2,0000	0,0000	2,0000	0,0000	0,0000	0,0000	0,0000	0,0000
2815,5090	0,0000	0,0000	0,0000	1,0000	2,0000	0,0000	2,0000	0,0000	0,0000	0,0000	0,0000	0,0000
2816,7040	0,0000	0,0000	0,0000	0,0000	2,0000	0,0000	2,0000	0,0000	0,0000	0,0000	0,0000	0,0000
2817,9130	0,0000	0,0000	0,0000	0,0000	2,0000	0,0000	2,0000	0,0000	0,0000	0,0000	0,0000	0,0000
2819,1020	0,0000	0,0000	0,0000	0,0000	2,0000	0,0000	2,0000	0,0000	0,0000	0,0000	0,0000	0,0000
2820,3100	0,0000	0,0000	0,0000	0,0000	2,0000	0,0000	2,0000	0,0000	0,0000	0,0000	0,0000	0,0000
2821,4970	0,0000	0,0000	0,0000	1,0000	2,0000	0,0000	2,0000	0,0000	0,0000	0,0000	0,0000	0,0000
2822,6840	0,0000	0,0000	0,0000	0,0000	2,0000	0,0000	2,0000	0,0000	0,0000	0,0000	0,0000	0,0000
2823,8980	0,0000	0,0000	0,0000	0,0000	2,0000	0,0000	2,0000	0,0000	0,0000	0,0000	0,0000	0,0000
2825,1050	0,0000	0,0000	0,0000	2,0000	2,0000	0,0000	2,0000	0,0000	0,0000	0,0000	0,0000	0,0000
2826,2850	0,0000	0,0000	0,0000	0,0000	2,0000	0,0000	2,0000	0,0000	0,0000	0,0000	0,0000	0,0000
2827,4850	0,0000	0,0000	0,0000	0,0000	2,0000	0,0000	2,0000	0,0000	0,0000	0,0000	0,0000	0,0000
2828,7090	0,0000	0,0000	0,0000	1,0000	2,0000	0,0000	2,0000	0,0000	0,0000	0,0000	0,0000	0,0000
2829,8860	0,0000	0,0000	0,0000	0,0000	2,0000	0,0000	2,0000	0,0000	0,0000	0,0000	0,0000	0,0000
2831,1110	0,0000	0,0000	0,0000	1,0000	2,0000	0,0000	2,0000	0,0000	0,0000	0,0000	0,0000	0,0000
2832,3410	0,0000	0,0000	0,0000	2,0000	2,0000	0,0000	2,0000	0,0000	0,0000	0,0000	0,0000	0,0000
2833,5410	0,0000	0,0000	0,0000	1,0000	2,0000	0,0000	2,0000	0,0000	0,0000	0,0000	0,0000	0,0000
2834,8720	0,0000	0,0000	0,0000	0,0000	2,0000	0,0000	2,0000	0,0000	0,0000	0,0000	0,0000	0,0000
2836,1080	0,0000	0,0000	0,0000	0,0000	2,0000	0,0000	2,0000	0,0000	0,0000	0,0000	0,0000	0,0000
2837,2880	0,0000	0,0000	0,0000	1,0000	2,0000	0,0000	2,0000	0,0000	0,0000	0,0000	0,0000	0,0000
2838,4850	0,0000	0,0000	0,0000	1,0000	2,0000	0,0000	2,0000	0,0000	0,0000	0,0000	0,0000	0,0000
2839,7010	0,0000	0,0000	0,0000	0,0000	2,0000	0,0000	2,0000	0,0000	0,0000	0,0000	0,0000	0,0000
2840,8930	0,0000	0,0000	0,0000	1,0000	2,0000	0,0000	2,0000	0,0000	0,0000	0,0000	0,0000	0,0000
2842,0900	0,0000	0,0000	0,0000	0,0000	2,0000	0,0000	2,0000	0,0000	0,0000	0,0000	0,0000	0,0000
2843,2710	0,0000	0,0000	0,0000	2,0000	2,0000	0,0000	2,0000	0,0000	0,0000	0,0000	0,0000	0,0000
2844,5130	0,0000	0,0000	0,0000	2,0000	2,0000	0,0000	2,0000	0,0000	0,0000	0,0000	0,0000	0,0000
2845,6820	0,0000	0,0000	0,0000	0,0000	2,0000	0,0000	2,0000	0,0000	0,0000	0,0000	0,0000	0,0000
2846,9160	0,0000	0,0000	0,0000	1,0000	2,0000	0,0000	2,0000	0,0000	0,0000	0,0000	0,0000	0,0000
2848,0890	0,0000	0,0000	0,0000	1,0000	2,0000	0,0000	2,0000	0,0000	0,0000	0,0000	0,0000	0,0000
2849,3100	0,0000	0,0000	0,0000	0,0000	2,0000	0,0000	2,0000	0,0000	0,0000	0,0000	0,0000	0,0000
2850,4800	0,0000	0,0000	0,0000	1,0000	2,0000	0,0000	2,0000	0,0000	0,0000	0,0000	0,0000	0,0000
2851,6810	0,0000	0,0000	0,0000	0,0000	2,0000	0,0000	2,0000	0,0000	0,0000	0,0000	0,0000	0,0000
2852,8760	0,0000	0,0000	0,0000	1,0000	2,0000	0,0000	2,0000	0,0000	0,0000	0,0000	0,0000	0,0000
2854,0870	0,0000	0,0000	0,0000	1,0000	2,0000	0,0000	2,0000	0,0000	0,0000	0,0000	0,0000	0,0000
2855,3120	0,0000	0,0000	0,0000	2,0000	2,0000	0,0000	2,0000	0,0000	0,0000	0,0000	0,0000	0,0000
2856,5130	0,0000	0,0000	0,0000	0,0000	2,0000	0,0000	2,0000	0,0000	0,0000	0,0000	0,0000	0,0000
2857,6840	0,0000	0,0000	1,0000	0,0000	2,0000	0,0000	2,0000	0,0000	0,0000	0,0000	0,0000	0,0000
2858,9070	0,0000	0,0000	0,0000	1,0000	2,0000	0,0000	2,0000	0,0000	0,0000	0,0000	0,0000	0,0000
2860,0880	0,0000	0,0000	0,0000	1,0000	2,0000	0,0000	2,0000	0,0000	0,0000	0,0000	0,0000	0,0000
2861,3000	0,0000	0,0000	0,0000	0,0000	2,0000	0,0000	2,0000	0,0000	0,0000	0,0000	0,0000	0,0000
2862,5210	0,0000	0,0000	0,0000	2,0000	2,0000	0,0000	2,0000	0,0000	0,0000	0,0000	0,0000	0,0000
2863,6720	0,0000	0,0000	0,0000	0,0000	2,0000	0,0000	2,0000	0,0000	0,0000	0,0000	0,0000	0,0000
2864,9140	0,0000	0,0000	0,0000	1,0000	2,0000	0,0000	2,0000	0,0000	0,0000	0,0000	0,0000	0,0000
2866,0840	0,0000	0,0000	0,0000	2,0000	2,0000	0,0000	2,0000	0,0000	0,0000	0,0000	0,0000	0,0000
2867,3140	0,0000	0,0000	1,0000	0,0000	2,0000	0,0000	2,0000	0,0000	0,0000	0,0000	0,0000	0,0000
2868,4850	0,0000	0,0000	0,0000	0,0000	2,0000	0,0000	2,0000	0,0000	0,0000	0,0000	0,0000	0,0000
2869,6830	0,0000	0,0000	0,0000	0,0000	2,0000	0,0000	2,0000	0,0000	0,0000	0,0000	0,0000	0,0000
2870,8870	0,0000	0,0000	0,0000	0,0000	2,0000	0,0000	2,0000	0,0000	0,0000	0,0000	0,0000	0,0000
2872,0910	0,0000	0,0000	0,0000	0,0000	2,0000	0,0000	2,0000	0,0000	0,0000	0,0000	0,0000	0,0000
2873,3210	0,0000	0,0000	0,0000	0,0000	2,0000	0,0000	2,0000	0,0000	0,0000	0,0000	0,0000	0,0000
2874,4940	0,0000	0,0000	0,0000	0,0000	2,0000	0,0000	2,0000	0,0000	0,0000	0,0000	0,0000	0,0000
2875,6860	0,0000	0,0000	0,0000	2,0000	2,0000	0,0000	2,0000	0,0000	0,0000	0,0000	0,0000	0,0000
2876,8890	0,0000	0,0000	0,0000	0,0000	2,0000	0,0000	2,0000	0,0000	0,0000	0,0000	0,0000	0,0000
2878,0860	0,0000	0,0000	0,0000	1,0000	2,0000	0,0000	2,0000	0,0000	1,0000	1,0000	0,0000	1,0000
2879,2910	0,0000	0,0000	0,0000	1,0000	2,0000	0,0000	2,0000	0,0000	0,0000	0,0000	0,0000	0,0000
2880,4950	0,0000	0,0000	0,0000	0,0000	2,0000	0,0000	2,0000	0,0000	0,0000	0,0000	0,0000	0,0000
2881,6920	0,0000	0,0000	0,0000	0,0000	2,0000	0,0000	2,0000	0,0000	0,0000	0,0000	0,0000	0,0000
2882,9210	0,0000	0,0000	0,0000	0,0000	2,0000	0,0000	2,0000	0,0000	0,0000	0,0000	0,0000	0,0000
2884,1150	0,0000	0,0000	0,0000	1,0000	2,0000	0,0000	2,0000	0,0000	0,0000	0,0000	0,0000	0,0000
2885,3210	0,0000	0,0000	0,0000	1,0000	2,0000	0,0000	2,0000	0,0000	0,0000	0,0000	0,0000	0,0000
2886,5160	0,0000	0,0000	0,0000	0,0000	2,0000	0,0000	2,0000	0,0000	0,0000	0,0000	0,0000	0,0000
2887,7220	0,0000	0,0000	0,0000	1,0000	2,0000	0,0000	2,0000	0,0000	0,0000	0,0000	0,0000	0,0000
2888,8880	0,0000	0,0000	0,0000	0,0000	2,0000	0,0000	2,0000	0,0000	0,0000	0,0000	0,0000	0,0000
2890,0870	0,0000	0,0000	0,0000	0,0000	2,0000	0,0000	2,0000	0,0000	0,0000	0,0000	0,0000	0,0000
2891,3040	0,0000	0,0000	0,0000	2,0000	2,0000	0,0000	2,0000	0,0000	0,0000	0,0000	0,0000	0,0000
2892,4910	0,0000	0,0000	0,0000	0,0000	2,0000	0,0000	2,0000	0,0000	0,0000	0,0000	0,0000	0,0000
2893,7060	0,0000	0,0000	0,0000	0,0000	2,0000	0,0000	2,0000	0,0000	0,0000	0,0000	0,0000	0,0000
2894,9250	0,0000	0,0000	0,0000	0,0000	2,0000	0,0000	2,0000	0,0000	0,0000	0,0000	0,0000	0,0000
2896,0900	0,0000	0,0000	0,0000	0,0000	2,0000	0,0000	2,0000	0,0000	0,0000	0,0000	0,0000	0,0000
2897,2860	0,0000	0,0000	0,0000	0,0000	2,0000	0,0000	2,0000	0,0000	0,0000	0,0000	0,0000	0,0000
2898,4940	0,0000	0,0000	0,0000	1,0000	2,0000	0,0000	2,0000	0,0000	0,0000	0,0000	0,0000	0,0000
2899,6860	0,0000	0,0000	0,0000	0,0000	2,0000	0,0000	2,0000	0,0000	0,0000	0,0000	0,0000	0,0000
2900,8920	0,0000	0,0000	0,0000	2,0000	2,0000	0,0000	2,0000	0,0000	0,0000	0,0000	0,0000	0,0000
2902,1200	0,0000	0,0000	0,0000	1,0000	2,0000	0,0000	2,0000	0,0000	0,0000	0,0000	0,0000	0,0000
2903,3170	0,0000	0,0000	0,0000	0,0000	2,0000	0,0000	2,0000	0,0000	0,0000	0,0000	0,0000	0,0000
2904,4930	0,0000	0,0000	0,0000	1,0000	2,0000	0,0000	2,0000	0,0000	0,0000	0,0000	0,0000	0,0000
2905,6940	0,0000	0,0000	0,0000	0,0000	2,0000	0,0000	2,0000	0,0000	0,0000	0,0000	0,0000	0,0000
2906,8900	0,0000	0,0000	0,0000	0,0000	2,0000	0,0000	2,0000	0,0000	0,0000	0,0000	0,0000	0,0000
2908,1190	0,0000	0,0000	0,0000	0,0000	2,0000	0,0000	2,0000	0,0000	0,0000	0,0000	0,0000	0,0000
2909,3220	0,0000	0,0000	0,0000	0,0000	2,0000	0,0000	2,0000	0,0000	0,0000	0,0000	0,0000	0,0000
2910,4940	0,0000	0,0000	0,0000	1,0000	2,0000	0,0000	2,0000	0,0000	1,0000	1,0000	0,0000	1,0000
2911,6990	0,0000	0,0000	0,0000	1,0000	2,0000	0,0000	2,0000	0,0000	0,0000	0,0000	0,0000	0,0000
2912,9100	0,0000	0,0000	0,0000	0,0000	2,0000	0,0000	2,0000	0,0000	0,0000	0,0000	0,0000	0,0000
2914,0930	0,0000	0,0000	0,0000	0,0000	2,0000	0,0000	2,0000	0,0000	0,0000	0,0000	0,0000	0,0000
2915,2910	0,0000	0,0000	0,0000	0,0000	2,0000	0,0000	2,0000	0,0000	0,0000	0,0000	0,0000	0,0000
2916,5060	0,0000	0,0000	0,0000	1,0000	2,0000	0,0000	2,0000	0,0000	0,0000	0,0000	0,0000	0,0000
2917,6980	0,0000	0,0000	0,0000	0,0000	2,0000	0,0000	2,0000	0,0000	0,0000	0,0000	0,0000	0,0000
2918,8920	0,0000	0,0000	0,0000	1,0000	2,0000	0,0000	2,0000	0,0000	0,0000	0,0000	0,0000	0,0000
2920,0860	0,0000	0,0000	0,0000	0,0000	2,0000	0,0000	2,0000	0,0000	0,0000	0,0000	0,0000	0,0000
2921,3060	0,0000	0,0000	0,0000	1,0000	2,0000	0,0000	2,0000	0,0000	0,0000	0,0000	0,0000	0,0000
2922,4960	0,0000	0,0000	1,0000	0,0000	2,0000	0,0000	2,0000	0,0000	0,0000	0,0000	0,0000	0,0000
2923,6900	0,0000	0,0000	0,0000	1,0000	2,0000	0,0000	2,0000	0,0000	0,0000	0,0000	0,0000	0,0000
2924,8940	0,0000	0,0000	0,0000	3,0000	2,0000	0,0000	2,0000	0,0000	0,0000	0,0000	0,0000	0,0000
2926,0930	0,0000	0,0000	0,0000	0,0000	2,0000	0,0000	2,0000	0,0000	0,0000	0,0000	0,0000	0,0000
2927,2920	0,0000	0,0000	0,0000	1,0000	2,0000	0,0000	2,0000	0,0000	0,0000	0,0000	0,0000	0,0000
2928,4960	0,0000	0,0000	0,0000	0,0000	2,0000	0,0000	2,0000	0,0000	0,0000	0,0000	0,0000	0,0000
2929,6930	0,0000	0,0000	0,0000	0,0000	2,0000	0,0000	2,0000	0,0000	0,0000	0,0000	0,0000	0,0000
2930,9090	0,0000	0,0000	0,0000	0,0000	2,0000	0,0000	2,0000	0,0000	0,0000	0,0000	0,0000	0,0000
2932,0940	0,0000	0,0000	0,0000	2,0000	2,0000	0,0000	2,0000	0,0000	0,0000	0,0000	0,0000	0,0000
2933,2950	0,0000	0,0000	0,0000	0,0000	2,0000	0,0000	2,0000	0,0000	0,0000	0,0000	0,0000	0,0000
2934,5380	0,0000	0,0000	0,0000	0,0000	2,0000	0,0000	2,0000	0,0000	0,0000	0,0000	0,0000	0,0000
2935,6920	0,0000	0,0000	0,0000	1,0000	2,0000	0,0000	2,0000	0,0000	0,0000	1,0000	0,0000	0,0000
2936,8970	0,0000	0,0000	0,0000	2,0000	2,0000	0,0000	2,0000	0,0000	0,0000	1,0000	0,0000	0,0000
2938,0960	0,0000	0,0000	1,0000	0,0000	2,0000	0,0000	2,0000	0,0000	0,0000	0,0000	0,0000	0,0000
2939,2940	0,0000	0,0000	0,0000	0,0000	2,0000	0,0000	2,0000	0,0000	0,0000	0,0000	0,0000	0,0000
2940,4990	0,0000	0,0000	0,0000	0,0000	2,0000	0,0000	2,0000	0,0000	0,0000	0,0000	0,0000	0,0000
2941,6950	0,0000	0,0000	0,0000	0,0000	2,0000	0,0000	2,0000	0,0000	0,0000	0,0000	0,0000	0,0000
2942,9050	0,0000	0,0000	0,0000	2,0000	2,0000	0,0000	2,0000	0,0000	1,0000	1,0000	0,0000	1,0000
2944,0950	0,0000	0,0000	0,0000	1,0000	2,0000	0,0000	2,0000	0,0000	0,0000	0,0000	0,0000	0,0000
2945,3120	0,0000	0,0000	0,0000	0,0000	2,0000	0,0000	2,0000	0,0000	0,0000	0,0000	0,0000	0,0000
2946,5010	0,0000	0,0000	0,0000	0,0000	2,0000	0,0000	2,0000	0,0000	0,0000	0,0000	0,0000	0,0000
2947,7100	0,0000	0,0000	0,0000	1,0000	2,0000	0,0000	2,0000	0,0000	1,0000	1,0000	0,0000	1,0000
2948,8970	0,0000	0,0000	1,0000	3,0000	2,0000	0,0000	2,0000	1,0000	0,0000	0,0000	0,0000	1,0000
2950,0960	0,0000	0,0000	0,0000	0,0000	2,0000	0,0000	2,0000	0,0000	0,0000	0,0000	0,0000	0,0000
2951,2960	0,0000	0,0000	0,0000	1,0000	2,0000	0,0000	2,0000	0,0000	0,0000	0,0000	0,0000	0,0000
2952,5040	0,0000	0,0000	0,0000	0,0000	2,0000	0,0000	2,0000	0,0000	0,0000	0,0000	0,0000	0,0000
2953,6950	0,0000	0,0000	0,0000	0,0000	2,0000	0,0000	2,0000	0,0000	0,0000	0,0000	0,0000	0,0000
2954,8990	0,0000	0,0000	0,0000	0,0000	2,0000	0,0000	2,0000	0,0000	0,0000	0,0000	0,0000	0,0000
2956,0950	0,0000	0,0000	0,0000	0,0000	2,0000	0,0000	2,0000	0,0000	0,0000	0,0000	0,0000	0,0000
2957,3000	0,0000	0,0000	0,0000	0,0000	2,0000	0,0000	2,0000	0,0000	0,0000	0,0000	0,0000	0,0000
2958,5020	0,0000	0,0000	0,0000	1,0000	2,0000	0,0000	2,0000	0,0000	0,0000	0,0000	0,0000	0,0000
2959,7350	0,0000	0,0000	0,0000	1,0000	2,0000	0,0000	2,0000	0,0000	0,0000	0,0000	0,0000	0,0000
2960,8990	0,0000	0,0000	0,0000	0,0000	2,0000	0,0000	2,0000	0,0000	0,0000	0,0000	0,0000	0,0000
2962,1020	0,0000	0,0000	0,0000	2,0000	2,0000	0,0000	2,0000	0,0000	1,0000	1,0000	0,0000	1,0000
2963,2980	0,0000	0,0000	0,0000	0,0000	2,0000	0,0000	2,0000	0,0000	0,0000	0,0000	0,0000	0,0000
2964,5030	0,0000	0,0000	1,0000	0,0000	2,0000	0,0000	2,0000	0,0000	0,0000	0,0000	0,0000	0,0000
2965,6970	0,0000	0,0000	1,0000	1,0000	2,0000	0,0000	2,0000	0,0000	0,0000	0,0000	0,0000	0,0000
2966,9080	0,0000	0,0000	0,0000	0,0000	2,0000	0,0000	2,0000	0,0000	0,0000	0,0000	0,0000	0,0000
2968,1010	0,0000	0,0000	0,0000	0,0000	2,0000	0,0000	2,0000	0,0000	0,0000	0,0000	0,0000	0,0000
2969,2980	0,0000	0,0000	0,0000	0,0000	2,0000	0,0000	2,0000	0,0000	0,0000	0,0000	0,0000	0,0000
2970,5350	0,0000	0,0000	0,0000	0,0000	2,0000	0,0000	2,0000	0,0000	0,0000	0,0000	0,0000	0,0000
2971,7020	0,0000	0,0000	0,0000	1,0000	2,0000	0,0000	2,0000	0,0000	0,0000	0,0000	0,0000	0,0000
2972,9060	0,0000	0,0000	1,0000	0,0000	2,0000	0,0000	2,0000	0,0000	0,0000	0,0000	0,0000	0,0000
2974,1110	0,0000	0,0000	0,0000	1,0000	2,0000	0,0000	2,0000	0,0000	0,0000	0,0000	0,0000	0,0000
2975,3230	0,0000	0,0000	0,0000	3,0000	2,0000	0,0000	2,0000	0,0000	0,0000	0,0000	0,0000	0,0000
2976,5110	0,0000	0,0000	1,0000	1,0000	2,0000	0,0000	2,0000	0,0000	0,0000	0,0000	0,0000	0,0000
2977,7050	0,0000	0,0000	0,0000	0,0000	2,0000	0,0000	2,0000	0,0000	0,0000	0,0000	0,0000	0,0000
2978,9070	0,0000	0,0000	0,0000	1,0000	2,0000	0,0000	2,0000	0,0000	0,0000	0,0000	0,0000	0,0000
2980,1050	0,0000	0,0000	0,0000	0,0000	2,0000	0,0000	2,0000	0,0000	0,0000	0,0000	0,0000	0,0000
2981,3110	0,0000	0,0000	0,0000	2,0000	2,0000	0,0000	2,0000	0,0000	0,0000	1,0000	0,0000	0,0000
2982,5070	0,0000	0,0000	0,0000	0,0000	2,0000	0,0000	2,0000	0,0000	0,0000	0,0000	0,0000	0,0000
2983,7420	0,0000	0,0000	0,0000	1,0000	2,0000	0,0000	2,0000	0,0000	0,0000	0,0000	0,0000	0,0000
2984,9450	0,0000	0,0000	0,0000	0,0000	2,0000	0,0000	2,0000	0,0000	0,0000	0,0000	0,0000	0,0000
2986,1340	0,0000	0,0000	1,0000	0,0000	2,0000	0,0000	2,0000	0,0000	0,0000	0,0000	0,0000	0,0000
2987,3040	0,0000	0,0000	0,0000	1,0000	2,0000	0,0000	2,0000	0,0000	0,0000	0,0000	0,0000	0,0000
2988,5150	0,0000	0,0000	0,0000	0,0000	2,0000	0,0000	2,0000	0,0000	0,0000	0,0000	0,0000	0,0000
2989,7380	0,0000	0,0000	0,0000	1,0000	2,0000	0,0000	2,0000	0,0000	0,0000	0,0000	0,0000	0,0000
2990,9160	0,0000	0,0000	0,0000	1,0000	2,0000	0,0000	2,0000	0,0000	0,0000	0,0000	0,0000	0,0000
2992,1060	0,0000	0,0000	0,0000	1,0000	2,0000	0,0000	2,0000	0,0000	0,0000	0,0000	0,0000	0,0000
2993,3070	0,0000	0,0000	0,0000	1,0000	2,0000	0,0000	2,0000	0,0000	0,0000	0,0000	0,0000	0,0000
2994,5130	0,0000	0,0000	0,0000	1,0000	2,0000	0,0000	2,0000	0,0000	0,0000	0,0000	0,0000	0,0000
2995,7110	0,0000	0,0000	0,0000	0,0000	2,0000	0,0000	2,0000	0,0000	0,0000	0,0000	0,0000	0,0000
2996,9080	0,0000	0,0000	0,0000	1,0000	2,0000	0,0000	2,0000	0,0000	0,0000	0,0000	0,0000	0,0000
2998,1080	0,0000	0,0000	0,0000	1,0000	2,0000	0,0000	2,0000	0,0000	1,0000	1,0000	0,0000	1,0000
2999,3460	0,0000	0,0000	0,0000	2,0000	2,0000	0,0000	2,0000	0,0000	1,0000	1,0000	0,0000	1,0000
3000,5390	0,0000	0,0000	0,0000	0,0000	2,0000	0,0000	2,0000	0,0000	0,0000	0,0000	0,0000	0,0000
3001,7040	0,0000	0,0000	0,0000	2,0000	2,0000	0,0000	2,0000	0,0000	0,0000	0,0000	0,0000	0,0000
3002,9100	0,0000	0,0000	0,0000	1,0000	2,0000	0,0000	2,0000	0,0000	0,0000	0,0000	0,0000	0,0000
3004,1270	0,0000	0,0000	0,0000	1,0000	2,0000	0,0000	2,0000	0,0000	0,0000	0,0000	0,0000	0,0000
3005,3130	0,0000	0,0000	1,0000	0,0000	2,0000	0,0000	2,0000	0,0000	0,0000	0,0000	0,0000	0,0000
3006,5420	0,0000	0,0000	0,0000	2,0000	2,0000	0,0000	2,0000	0,0000	0,0000	0,0000	0,0000	0,0000
3007,7450	0,0000	0,0000	0,0000	1,0000	2,0000	0,0000	2,0000	0,0000	0,0000	0,0000	0,0000	0,0000
3008,9460	0,0000	0,0000	0,0000	0,0000	2,0000	0,0000	2,0000	0,0000	0,0000	0,0000	0,0000	0,0000
3010,1170	0,0000	0,0000	0,0000	4,0000	2,0000	0,0000	2,0000	0,0000	0,0000	0,0000	0,0000	0,0000
3011,3080	0,0000	0,0000	0,0000	0,0000	2,0000	0,0000	2,0000	0,0000	0,0000	0,0000	0,0000	0,0000
3012,5550	0,0000	0,0000	0,0000	1,0000	2,0000	0,0000	2,0000	0,0000	0,0000	0,0000	0,0000	0,0000
3013,7220	0,0000	0,0000	0,0000	1,0000	2,0000	0,0000	2,0000	0,0000	0,0000	0,0000	0,0000	0,0000
3014,9470	0,0000	0,0000	0,0000	1,0000	2,0000	0,0000	2,0000	0,0000	0,0000	0,0000	0,0000	0,0000
3016,1080	0,0000	0,0000	0,0000	0,0000	2,0000	0,0000	2,0000	0,0000	0,0000	0,0000	0,0000	0,0000
3017,3110	0,0000	0,0000	0,0000	0,0000	2,0000	0,0000	2,0000	0,0000	0,0000	0,0000	0,0000	0,0000
3018,5120	0,0000	0,0000	0,0000	0,0000	2,0000	0,0000	2,0000	0,0000	0,0000	0,0000	0,0000	0,0000
3019,7250	0,0000	0,0000	0,0000	2,0000	2,0000	0,0000	2,0000	0,0000	0,0000	1,0000	0,0000	0,0000
3020,9100	0,0000	0,0000	0,0000	1,0000	2,0000	0,0000	2,0000	0,0000	0,0000	0,0000	0,0000	0,0000
3022,1180	0,0000	0,0000	0,0000	0,0000	2,0000	0,0000	2,0000	0,0000	0,0000	0,0000	0,0000	0,0000
3023,3130	0,0000	0,0000	0,0000	0,0000	2,0000	0,0000	2,0000	0,0000	0,0000	0,0000	0,0000	0,0000
