Index	Time	HWP_a1	HWP_a2	Single Count 1	Single Count 2	Single Count 3	Single Count 4	Sum	Coincidence Count 1	Coincidence Count 2	Coincidence Count 3	Coincidence Count 4	Coincidence Sum	Error SC1	Error SC2	Error SC3	Error SC4	Error Sc Sum	Error CC1	Error CC2	Error CC3	Error CC4	Error CC Sum	Global Time
1	935.3437	0.0000	200.0000	2579.0000	0.0000	0.0000	0.0000	0.0000	0.0000	0.0000	0.0000	0.0000	0.0000	NaN	NaN	NaN	NaN	NaN	NaN	NaN	NaN	NaN	NaN	23:56:32
2	927.7187	0.0000	190.0000	1579.0000	4910.0000	10000.0000	0.0000	0.0000	104.0000	341.0000	0.0000	0.0000	0.0000	NaN	NaN	NaN	NaN	NaN	NaN	NaN	NaN	NaN	NaN	23:56:32
3	920.0937	0.0000	180.0000	1231.0000	4987.0000	10001.0000	0.0000	0.0000	86.0000	350.0000	0.0000	0.0000	0.0000	NaN	NaN	NaN	NaN	NaN	NaN	NaN	NaN	NaN	NaN	23:56:32
4	911.9687	0.0000	170.0000	1804.0000	4620.0000	10000.0000	0.0000	0.0000	122.0000	322.0000	0.0000	0.0000	0.0000	NaN	NaN	NaN	NaN	NaN	NaN	NaN	NaN	NaN	NaN	23:56:32
5	902.8750	0.0000	160.0000	2985.0000	3507.0000	10000.0000	0.0000	0.0000	217.0000	248.0000	0.0000	0.0000	0.0000	NaN	NaN	NaN	NaN	NaN	NaN	NaN	NaN	NaN	NaN	23:56:32
6	893.5625	0.0000	150.0000	4354.0000	2230.0000	10000.0000	0.0000	0.0000	324.0000	144.0000	0.0000	0.0000	0.0000	NaN	NaN	NaN	NaN	NaN	NaN	NaN	NaN	NaN	NaN	23:56:32
7	885.1562	0.0000	140.0000	4998.0000	1504.0000	10001.0000	0.0000	0.0000	351.0000	93.0000	0.0000	0.0000	0.0000	NaN	NaN	NaN	NaN	NaN	NaN	NaN	NaN	NaN	NaN	23:56:32
8	876.0000	0.0000	130.0000	4904.0000	1663.0000	10000.0000	0.0000	0.0000	339.0000	131.0000	0.0000	0.0000	0.0000	NaN	NaN	NaN	NaN	NaN	NaN	NaN	NaN	NaN	NaN	23:56:32
9	863.1562	0.0000	120.0000	3862.0000	2529.0000	10000.0000	0.0000	0.0000	265.0000	177.0000	0.0000	0.0000	0.0000	NaN	NaN	NaN	NaN	NaN	NaN	NaN	NaN	NaN	NaN	23:56:32
10	844.6875	0.0000	110.0000	2628.0000	0.0000	0.0000	0.0000	0.0000	0.0000	0.0000	0.0000	0.0000	0.0000	NaN	NaN	NaN	NaN	NaN	NaN	NaN	NaN	NaN	NaN	23:56:32
11	826.7500	0.0000	100.0000	1626.0000	4790.0000	10000.0000	0.0000	0.0000	103.0000	319.0000	0.0000	0.0000	0.0000	NaN	NaN	NaN	NaN	NaN	NaN	NaN	NaN	NaN	NaN	23:56:32
12	805.3125	0.0000	90.0000	1254.0000	5135.0000	10000.0000	0.0000	0.0000	82.0000	391.0000	0.0000	0.0000	0.0000	NaN	NaN	NaN	NaN	NaN	NaN	NaN	NaN	NaN	NaN	23:56:32
13	789.9375	0.0000	80.0000	1920.0000	4615.0000	10000.0000	0.0000	0.0000	137.0000	330.0000	0.0000	0.0000	0.0000	NaN	NaN	NaN	NaN	NaN	NaN	NaN	NaN	NaN	NaN	23:56:32
14	774.2500	0.0000	70.0000	3156.0000	3324.0000	10000.0000	0.0000	0.0000	224.0000	227.0000	0.0000	0.0000	0.0000	NaN	NaN	NaN	NaN	NaN	NaN	NaN	NaN	NaN	NaN	23:56:32
15	760.3125	0.0000	60.0000	4089.0000	2123.0000	10000.0000	0.0000	0.0000	293.0000	158.0000	0.0000	0.0000	0.0000	NaN	NaN	NaN	NaN	NaN	NaN	NaN	NaN	NaN	NaN	23:56:32
16	751.2500	0.0000	50.0000	4853.0000	1443.0000	10000.0000	0.0000	0.0000	353.0000	111.0000	0.0000	0.0000	0.0000	NaN	NaN	NaN	NaN	NaN	NaN	NaN	NaN	NaN	NaN	23:56:32
17	740.2812	0.0000	40.0000	4898.0000	1647.0000	10001.0000	0.0000	0.0000	344.0000	115.0000	0.0000	0.0000	0.0000	NaN	NaN	NaN	NaN	NaN	NaN	NaN	NaN	NaN	NaN	23:56:32
18	728.2500	0.0000	30.0000	3973.0000	2650.0000	0.0000	0.0000	0.0000	0.0000	0.0000	0.0000	0.0000	0.0000	NaN	NaN	NaN	NaN	NaN	NaN	NaN	NaN	NaN	NaN	23:56:32
19	719.0312	0.0000	20.0000	2568.0000	0.0000	0.0000	0.0000	0.0000	0.0000	0.0000	0.0000	0.0000	0.0000	NaN	NaN	NaN	NaN	NaN	NaN	NaN	NaN	NaN	NaN	23:56:32
20	709.3437	0.0000	10.0000	1564.0000	4608.0000	10001.0000	0.0000	0.0000	105.0000	330.0000	0.0000	0.0000	0.0000	NaN	NaN	NaN	NaN	NaN	NaN	NaN	NaN	NaN	NaN	23:56:32
21	696.7500	0.0000	0.0000	1074.0000	4966.0000	10000.0000	0.0000	0.0000	66.0000	351.0000	0.0000	0.0000	0.0000	NaN	NaN	NaN	NaN	NaN	NaN	NaN	NaN	NaN	NaN	23:56:32
