0,000	1,000	0,000	0,000	0,000	1,000
0,000	1,000	0,000	1,000	22,500	1,000
1,000	0,000	-22,500	1,000	22,500	0,000
1,000	1,000	22,500	1,000	22,500	1,000
0,000	0,000	45,000	1,000	22,500	1,000
0,000	0,000	45,000	0,000	0,000	0,000
1,000	1,000	22,500	0,000	0,000	1,000
1,000	0,000	-22,500	0,000	0,000	1,000
1,000	0,000	-22,500	1,000	22,500	0,000
0,000	1,000	0,000	0,000	0,000	1,000
0,000	1,000	0,000	1,000	22,500	0,000
0,000	1,000	0,000	0,000	0,000	1,000
1,000	0,000	-22,500	1,000	22,500	0,000
1,000	1,000	22,500	1,000	22,500	1,000
1,000	0,000	-22,500	0,000	0,000	1,000
1,000	0,000	-22,500	1,000	22,500	1,000
1,000	0,000	-22,500	0,000	0,000	1,000
0,000	1,000	0,000	0,000	0,000	1,000
0,000	0,000	45,000	1,000	22,500	1,000
0,000	0,000	45,000	1,000	22,500	1,000
0,000	0,000	45,000	1,000	22,500	0,000
0,000	0,000	45,000	1,000	22,500	0,000
0,000	0,000	45,000	0,000	0,000	0,000
1,000	0,000	-22,500	1,000	22,500	0,000
1,000	1,000	22,500	0,000	0,000	1,000
0,000	1,000	0,000	0,000	0,000	1,000
0,000	0,000	45,000	1,000	22,500	1,000
0,000	0,000	45,000	1,000	22,500	1,000
0,000	0,000	45,000	1,000	22,500	0,000
0,000	0,000	45,000	1,000	22,500	1,000
0,000	1,000	0,000	0,000	0,000	0,000
0,000	1,000	0,000	1,000	22,500	0,000
1,000	1,000	22,500	0,000	0,000	0,000
0,000	1,000	0,000	0,000	0,000	1,000
0,000	1,000	0,000	0,000	0,000	1,000
1,000	1,000	22,500	1,000	22,500	1,000
0,000	1,000	0,000	1,000	22,500	0,000
1,000	1,000	22,500	1,000	22,500	0,000
1,000	0,000	-22,500	1,000	22,500	1,000
1,000	0,000	-22,500	1,000	22,500	1,000
0,000	1,000	0,000	0,000	0,000	1,000
0,000	0,000	45,000	1,000	22,500	0,000
1,000	1,000	22,500	0,000	0,000	0,000
1,000	1,000	22,500	1,000	22,500	1,000
1,000	1,000	22,500	1,000	22,500	1,000
0,000	1,000	0,000	1,000	22,500	0,000
0,000	1,000	0,000	1,000	22,500	1,000
0,000	0,000	0,000	1,000	22,500	1,000
1,000	1,000	22,500	1,000	22,500	0,000
1,000	0,000	-22,500	1,000	22,500	0,000
1,000	1,000	22,500	1,000	22,500	1,000
0,000	0,000	45,000	0,000	0,000	0,000
0,000	1,000	0,000	1,000	22,500	1,000
0,000	0,000	45,000	1,000	22,500	0,000
1,000	0,000	-22,500	1,000	22,500	0,000
1,000	1,000	22,500	1,000	22,500	1,000
1,000	0,000	-22,500	1,000	22,500	0,000
1,000	1,000	22,500	1,000	22,500	1,000
0,000	0,000	45,000	0,000	0,000	0,000
0,000	0,000	45,000	1,000	22,500	1,000
