Базис Алисы,Бит Алисы,HWP_b1,Базис Боба,HWP_b2,Бит Боба
0.000,1.000,0.000,0.000,0.000,1.000
0.000,1.000,0.000,1.000,22.500,1.000
1.000,0.000,-22.500,1.000,22.500,0.000
1.000,1.000,22.500,1.000,22.500,1.000
0.000,0.000,45.000,1.000,22.500,1.000
0.000,0.000,45.000,0.000,0.000,0.000
1.000,1.000,22.500,0.000,0.000,1.000
1.000,0.000,-22.500,0.000,0.000,1.000
1.000,0.000,-22.500,1.000,22.500,0.000
0.000,1.000,0.000,0.000,0.000,1.000
0.000,1.000,0.000,1.000,22.500,0.000
0.000,1.000,0.000,0.000,0.000,1.000
1.000,0.000,-22.500,1.000,22.500,0.000
1.000,1.000,22.500,1.000,22.500,1.000
1.000,0.000,-22.500,0.000,0.000,1.000
1.000,0.000,-22.500,1.000,22.500,1.000
1.000,0.000,-22.500,0.000,0.000,1.000
0.000,1.000,0.000,0.000,0.000,1.000
0.000,0.000,45.000,1.000,22.500,1.000
0.000,0.000,45.000,1.000,22.500,1.000
0.000,0.000,45.000,1.000,22.500,0.000
0.000,0.000,45.000,1.000,22.500,0.000
0.000,0.000,45.000,0.000,0.000,0.000
1.000,0.000,-22.500,1.000,22.500,0.000
1.000,1.000,22.500,0.000,0.000,1.000
0.000,1.000,0.000,0.000,0.000,1.000
0.000,0.000,45.000,1.000,22.500,1.000
0.000,0.000,45.000,1.000,22.500,1.000
0.000,0.000,45.000,1.000,22.500,0.000
0.000,0.000,45.000,1.000,22.500,1.000
0.000,1.000,0.000,0.000,0.000,0.000
0.000,1.000,0.000,1.000,22.500,0.000
1.000,1.000,22.500,0.000,0.000,0.000
0.000,1.000,0.000,0.000,0.000,1.000
0.000,1.000,0.000,0.000,0.000,1.000
1.000,1.000,22.500,1.000,22.500,1.000
0.000,1.000,0.000,1.000,22.500,0.000
1.000,1.000,22.500,1.000,22.500,0.000
1.000,0.000,-22.500,1.000,22.500,1.000
1.000,0.000,-22.500,1.000,22.500,1.000
0.000,1.000,0.000,0.000,0.000,1.000
0.000,0.000,45.000,1.000,22.500,0.000
1.000,1.000,22.500,0.000,0.000,0.000
1.000,1.000,22.500,1.000,22.500,1.000
1.000,1.000,22.500,1.000,22.500,1.000
0.000,1.000,0.000,1.000,22.500,0.000
0.000,1.000,0.000,1.000,22.500,1.000
0.000,0.000,0.000,1.000,22.500,1.000
1.000,1.000,22.500,1.000,22.500,0.000
1.000,0.000,-22.500,1.000,22.500,0.000
1.000,1.000,22.500,1.000,22.500,1.000
0.000,0.000,45.000,0.000,0.000,0.000
0.000,1.000,0.000,1.000,22.500,1.000
0.000,0.000,45.000,1.000,22.500,0.000
1.000,0.000,-22.500,1.000,22.500,0.000
1.000,1.000,22.500,1.000,22.500,1.000
1.000,0.000,-22.500,1.000,22.500,0.000
1.000,1.000,22.500,1.000,22.500,1.000
0.000,0.000,45.000,0.000,0.000,0.000
0.000,0.000,45.000,1.000,22.500,1.000