Time	HWP_a1	HWP_a2	Single Count 1	Single Count 2	Single Count 3	Single Count 4	Sum	Coincidence Count 1	Coincidence Count 2	Coincidence Count 3	Coincidence Count 4	Coincidence Sum
6302.9610	45.0000	22.5000	1.0000	1.0000	2.0000	0.0000	2.0000	0.0000	0.0000	0.0000	0.0000	0.0000
6304.0810	45.0000	22.5000	3.0000	0.0000	2.0000	0.0000	2.0000	0.0000	0.0000	0.0000	0.0000	0.0000
6305.2000	45.0000	22.5000	1.0000	0.0000	2.0000	0.0000	2.0000	0.0000	0.0000	0.0000	0.0000	0.0000
6306.3110	45.0000	22.5000	1.0000	0.0000	2.0000	0.0000	2.0000	0.0000	0.0000	0.0000	0.0000	0.0000
6307.4510	45.0000	22.5000	0.0000	0.0000	2.0000	0.0000	2.0000	0.0000	0.0000	0.0000	0.0000	0.0000
6308.5610	45.0000	22.5000	0.0000	0.0000	2.0000	0.0000	2.0000	0.0000	0.0000	0.0000	0.0000	0.0000
6309.6710	45.0000	22.5000	1.0000	0.0000	2.0000	0.0000	2.0000	0.0000	0.0000	0.0000	0.0000	0.0000
6310.7880	45.0000	22.5000	1.0000	0.0000	2.0000	0.0000	2.0000	1.0000	0.0000	0.0000	0.0000	1.0000
6311.9010	45.0000	22.5000	2.0000	0.0000	2.0000	0.0000	2.0000	0.0000	0.0000	0.0000	0.0000	0.0000
6313.0310	45.0000	22.5000	0.0000	0.0000	2.0000	0.0000	2.0000	0.0000	0.0000	0.0000	0.0000	0.0000
6314.1420	45.0000	22.5000	0.0000	0.0000	2.0000	0.0000	2.0000	0.0000	0.0000	0.0000	0.0000	0.0000
6315.2510	45.0000	22.5000	0.0000	0.0000	2.0000	0.0000	2.0000	0.0000	0.0000	0.0000	0.0000	0.0000
6316.3600	45.0000	22.5000	0.0000	0.0000	2.0000	0.0000	2.0000	0.0000	0.0000	0.0000	0.0000	0.0000
6317.4700	45.0000	22.5000	2.0000	0.0000	2.0000	0.0000	2.0000	0.0000	0.0000	0.0000	0.0000	0.0000
6318.5910	45.0000	22.5000	2.0000	0.0000	2.0000	0.0000	2.0000	0.0000	0.0000	0.0000	0.0000	0.0000
6319.7000	45.0000	22.5000	0.0000	0.0000	2.0000	0.0000	2.0000	0.0000	0.0000	0.0000	0.0000	0.0000
6320.8100	45.0000	22.5000	0.0000	0.0000	2.0000	0.0000	2.0000	0.0000	0.0000	0.0000	0.0000	0.0000
6321.9210	45.0000	22.5000	1.0000	0.0000	2.0000	0.0000	2.0000	0.0000	0.0000	0.0000	0.0000	0.0000
6323.0610	45.0000	22.5000	0.0000	0.0000	2.0000	0.0000	2.0000	0.0000	0.0000	0.0000	0.0000	0.0000
6324.1810	45.0000	22.5000	2.0000	0.0000	2.0000	0.0000	2.0000	0.0000	0.0000	0.0000	0.0000	0.0000
6325.2910	45.0000	22.5000	1.0000	0.0000	2.0000	0.0000	2.0000	0.0000	0.0000	0.0000	0.0000	0.0000
6326.4040	45.0000	22.5000	0.0000	0.0000	2.0000	0.0000	2.0000	0.0000	0.0000	0.0000	0.0000	0.0000
6327.5110	45.0000	22.5000	2.0000	0.0000	2.0000	0.0000	2.0000	0.0000	0.0000	0.0000	0.0000	0.0000
6328.6510	45.0000	22.5000	2.0000	0.0000	2.0000	0.0000	2.0000	0.0000	0.0000	0.0000	0.0000	0.0000
6329.7610	45.0000	22.5000	0.0000	0.0000	2.0000	0.0000	2.0000	0.0000	0.0000	0.0000	0.0000	0.0000
6330.8710	45.0000	22.5000	0.0000	0.0000	2.0000	0.0000	2.0000	0.0000	0.0000	0.0000	0.0000	0.0000
6331.9900	45.0000	22.5000	1.0000	0.0000	2.0000	0.0000	2.0000	0.0000	0.0000	0.0000	0.0000	0.0000
6333.1010	45.0000	22.5000	1.0000	1.0000	2.0000	0.0000	2.0000	0.0000	0.0000	0.0000	0.0000	0.0000
6334.2410	45.0000	22.5000	0.0000	0.0000	2.0000	0.0000	2.0000	0.0000	0.0000	0.0000	0.0000	0.0000
6335.3600	45.0000	22.5000	2.0000	0.0000	2.0000	0.0000	2.0000	0.0000	0.0000	0.0000	0.0000	0.0000
6336.4710	45.0000	22.5000	2.0000	0.0000	2.0000	0.0000	2.0000	0.0000	0.0000	0.0000	0.0000	0.0000
6337.5910	45.0000	22.5000	3.0000	0.0000	2.0000	0.0000	2.0000	0.0000	0.0000	0.0000	0.0000	0.0000
6338.7010	45.0000	22.5000	2.0000	0.0000	2.0000	0.0000	2.0000	0.0000	0.0000	0.0000	0.0000	0.0000
6339.8510	45.0000	22.5000	0.0000	0.0000	2.0000	0.0000	2.0000	0.0000	0.0000	0.0000	0.0000	0.0000
6340.9620	45.0000	22.5000	2.0000	0.0000	2.0000	0.0000	2.0000	0.0000	0.0000	0.0000	0.0000	0.0000
6342.0700	45.0000	22.5000	0.0000	1.0000	2.0000	0.0000	2.0000	0.0000	0.0000	0.0000	0.0000	0.0000
6343.1930	45.0000	22.5000	1.0000	0.0000	2.0000	0.0000	2.0000	0.0000	0.0000	0.0000	0.0000	0.0000
6344.3100	45.0000	22.5000	1.0000	0.0000	2.0000	0.0000	2.0000	0.0000	0.0000	0.0000	0.0000	0.0000
6345.4410	45.0000	22.5000	1.0000	0.0000	2.0000	0.0000	2.0000	0.0000	0.0000	0.0000	0.0000	0.0000
6346.5510	45.0000	22.5000	1.0000	0.0000	2.0000	0.0000	2.0000	0.0000	0.0000	0.0000	0.0000	0.0000
6347.6600	45.0000	22.5000	2.0000	0.0000	2.0000	0.0000	2.0000	0.0000	0.0000	0.0000	0.0000	0.0000
6348.7980	45.0000	22.5000	0.0000	1.0000	2.0000	0.0000	2.0000	0.0000	0.0000	0.0000	0.0000	0.0000
6349.9110	45.0000	22.5000	1.0000	0.0000	2.0000	0.0000	2.0000	0.0000	0.0000	0.0000	0.0000	0.0000
6351.0510	45.0000	22.5000	1.0000	0.0000	2.0000	0.0000	2.0000	0.0000	0.0000	0.0000	0.0000	0.0000
6352.1610	45.0000	22.5000	1.0000	1.0000	2.0000	0.0000	2.0000	0.0000	0.0000	0.0000	0.0000	0.0000
6353.2710	45.0000	22.5000	1.0000	0.0000	2.0000	0.0000	2.0000	0.0000	0.0000	0.0000	0.0000	0.0000
6354.4050	45.0000	22.5000	2.0000	0.0000	2.0000	0.0000	2.0000	0.0000	0.0000	0.0000	0.0000	0.0000
6355.5110	45.0000	22.5000	0.0000	0.0000	2.0000	0.0000	2.0000	0.0000	0.0000	0.0000	0.0000	0.0000
6356.6510	45.0000	22.5000	1.0000	0.0000	2.0000	0.0000	2.0000	0.0000	0.0000	0.0000	0.0000	0.0000
6357.7610	45.0000	22.5000	1.0000	0.0000	2.0000	0.0000	2.0000	0.0000	0.0000	0.0000	0.0000	0.0000
6358.8700	45.0000	22.5000	3.0000	0.0000	2.0000	0.0000	2.0000	0.0000	0.0000	0.0000	0.0000	0.0000
6359.9820	45.0000	22.5000	0.0000	0.0000	2.0000	0.0000	2.0000	0.0000	0.0000	0.0000	0.0000	0.0000
6361.0910	45.0000	22.5000	0.0000	0.0000	2.0000	0.0000	2.0000	0.0000	0.0000	0.0000	0.0000	0.0000
6362.3310	45.0000	22.5000	2.0000	0.0000	2.0000	0.0000	2.0000	0.0000	0.0000	0.0000	0.0000	0.0000
6363.4710	45.0000	22.5000	0.0000	0.0000	2.0000	0.0000	2.0000	0.0000	0.0000	0.0000	0.0000	0.0000
6364.5910	45.0000	22.5000	1.0000	0.0000	2.0000	0.0000	2.0000	0.0000	0.0000	0.0000	0.0000	0.0000
6365.7000	45.0000	22.5000	3.0000	0.0000	2.0000	0.0000	2.0000	0.0000	0.0000	0.0000	0.0000	0.0000
6366.8100	45.0000	22.5000	1.0000	0.0000	2.0000	0.0000	2.0000	0.0000	0.0000	0.0000	0.0000	0.0000
6367.9210	45.0000	22.5000	1.0000	0.0000	2.0000	0.0000	2.0000	0.0000	0.0000	0.0000	0.0000	0.0000
6369.0610	45.0000	22.5000	1.0000	0.0000	2.0000	0.0000	2.0000	0.0000	0.0000	0.0000	0.0000	0.0000
6370.1710	45.0000	22.5000	0.0000	1.0000	2.0000	0.0000	2.0000	0.0000	0.0000	0.0000	0.0000	0.0000
6371.2810	45.0000	22.5000	2.0000	0.0000	2.0000	0.0000	2.0000	0.0000	0.0000	0.0000	0.0000	0.0000
6372.4120	45.0000	22.5000	0.0000	0.0000	2.0000	0.0000	2.0000	0.0000	0.0000	0.0000	0.0000	0.0000
6373.5210	45.0000	22.5000	3.0000	0.0000	2.0000	0.0000	2.0000	0.0000	0.0000	0.0000	0.0000	0.0000
6374.6710	45.0000	22.5000	0.0000	0.0000	2.0000	0.0000	2.0000	0.0000	0.0000	0.0000	0.0000	0.0000
6375.7910	45.0000	22.5000	0.0000	0.0000	2.0000	0.0000	2.0000	0.0000	0.0000	0.0000	0.0000	0.0000
6376.9010	45.0000	22.5000	1.0000	0.0000	2.0000	0.0000	2.0000	0.0000	0.0000	0.0000	0.0000	0.0000
6378.0110	45.0000	22.5000	0.0000	0.0000	2.0000	0.0000	2.0000	0.0000	0.0000	0.0000	0.0000	0.0000
6379.1210	45.0000	22.5000	2.0000	0.0000	2.0000	0.0000	2.0000	0.0000	0.0000	0.0000	0.0000	0.0000
6380.2810	45.0000	22.5000	2.0000	0.0000	2.0000	0.0000	2.0000	0.0000	0.0000	0.0000	0.0000	0.0000
6381.3910	45.0000	22.5000	3.0000	0.0000	2.0000	0.0000	2.0000	0.0000	0.0000	0.0000	0.0000	0.0000
6382.5010	45.0000	22.5000	0.0000	0.0000	2.0000	0.0000	2.0000	0.0000	0.0000	0.0000	0.0000	0.0000
6383.6140	45.0000	22.5000	2.0000	0.0000	2.0000	0.0000	2.0000	0.0000	0.0000	0.0000	0.0000	0.0000
6384.7210	45.0000	22.5000	2.0000	0.0000	2.0000	0.0000	2.0000	0.0000	0.0000	0.0000	0.0000	0.0000
6385.8610	45.0000	22.5000	0.0000	0.0000	2.0000	0.0000	2.0000	0.0000	0.0000	0.0000	0.0000	0.0000
6386.9710	45.0000	22.5000	3.0000	0.0000	2.0000	0.0000	2.0000	0.0000	0.0000	0.0000	0.0000	0.0000
6388.0810	45.0000	22.5000	0.0000	0.0000	2.0000	0.0000	2.0000	0.0000	0.0000	0.0000	0.0000	0.0000
6389.2110	45.0000	22.5000	1.0000	0.0000	2.0000	0.0000	2.0000	0.0000	0.0000	0.0000	0.0000	0.0000
6390.3200	45.0000	22.5000	2.0000	1.0000	2.0000	0.0000	2.0000	0.0000	0.0000	0.0000	0.0000	0.0000
6391.4710	45.0000	22.5000	0.0000	0.0000	2.0000	0.0000	2.0000	0.0000	0.0000	0.0000	0.0000	0.0000
6392.5800	45.0000	22.5000	2.0000	0.0000	2.0000	0.0000	2.0000	0.0000	0.0000	0.0000	0.0000	0.0000
6393.6900	45.0000	22.5000	2.0000	0.0000	2.0000	0.0000	2.0000	1.0000	0.0000	0.0000	0.0000	1.0000
6394.8080	45.0000	22.5000	0.0000	0.0000	2.0000	0.0000	2.0000	0.0000	0.0000	0.0000	0.0000	0.0000
6395.9210	45.0000	22.5000	0.0000	0.0000	2.0000	0.0000	2.0000	0.0000	0.0000	0.0000	0.0000	0.0000
6397.0710	45.0000	22.5000	0.0000	0.0000	2.0000	0.0000	2.0000	0.0000	0.0000	0.0000	0.0000	0.0000
6398.1810	45.0000	22.5000	0.0000	0.0000	2.0000	0.0000	2.0000	0.0000	0.0000	0.0000	0.0000	0.0000
6399.2910	45.0000	22.5000	0.0000	0.0000	2.0000	0.0000	2.0000	0.0000	0.0000	0.0000	0.0000	0.0000
6400.4210	45.0000	22.5000	1.0000	0.0000	2.0000	0.0000	2.0000	0.0000	0.0000	0.0000	0.0000	0.0000
6401.5310	45.0000	22.5000	0.0000	0.0000	2.0000	0.0000	2.0000	0.0000	0.0000	0.0000	0.0000	0.0000
6402.6710	45.0000	22.5000	0.0000	0.0000	2.0000	0.0000	2.0000	0.0000	0.0000	0.0000	0.0000	0.0000
6403.7810	45.0000	22.5000	1.0000	0.0000	2.0000	0.0000	2.0000	0.0000	0.0000	0.0000	0.0000	0.0000
6404.8900	45.0000	22.5000	0.0000	0.0000	2.0000	0.0000	2.0000	0.0000	0.0000	0.0000	0.0000	0.0000
6406.0030	45.0000	22.5000	3.0000	1.0000	2.0000	0.0000	2.0000	0.0000	0.0000	0.0000	0.0000	0.0000
6407.1210	45.0000	22.5000	0.0000	0.0000	2.0000	0.0000	2.0000	0.0000	0.0000	0.0000	0.0000	0.0000
6408.2710	45.0000	22.5000	1.0000	0.0000	2.0000	0.0000	2.0000	0.0000	0.0000	0.0000	0.0000	0.0000
6409.3910	45.0000	22.5000	0.0000	0.0000	2.0000	0.0000	2.0000	0.0000	0.0000	0.0000	0.0000	0.0000
6410.5000	45.0000	22.5000	2.0000	0.0000	2.0000	0.0000	2.0000	0.0000	0.0000	0.0000	0.0000	0.0000
6411.6110	45.0000	22.5000	0.0000	0.0000	0.0000	0.0000	0.0000	0.0000	0.0000	0.0000	0.0000	0.0000
6412.7210	45.0000	22.5000	1.0000	0.0000	2.0000	0.0000	2.0000	0.0000	0.0000	0.0000	0.0000	0.0000
6413.8810	45.0000	22.5000	0.0000	0.0000	2.0000	0.0000	2.0000	0.0000	0.0000	0.0000	0.0000	0.0000
